16313	17138	17138	17138	15440	17138	17138	17138	
16566	16405	15440	16405	15440	16668	16639	16646	16668	16668	16646	16668	16668	16668	16674	16667	16674	16674	16667	16674	16674	16667	16645	16667	16667	16667	16667	16667	16674	16645	16645	16645	16674	16674	16674	
15440	16669	16669	17138	17138	17138	16669	17138	17138	17138	
16605	17138	17138	17138	16669	17138	17138	17138	
16734	16734	17438	17438	17438	16605	17438	17438	17438	
15440	16669	16639	15440	15440	15440	15523	15440	16639	16639	15523	16874	15440	17138	17138	17138	15523	17138	17138	17138	
16313	16405	17138	17138	17138	16874	17138	17138	17138	
16405	15440	16668	16639	16646	16646	16668	16646	16646	16646	16646	16646	16668	16646	16646	16639	16668	16646	16646	16639	16646	16668	16646	16646	16639	16646	16646	16668	16646	16639	16646	16668	16646	16646	16668	16646	16668	16646	16668	16639	16639	16668	16646	16668	16668	16639	16646	16646	16639	16639	16646	16668	16668	16646	16646	16668	16646	16646	16646	16646	16668	16639	16646	16668	16639	16646	16668	16668	16646	16646	16639	16646	16639	16646	16639	16668	16668	16668	16674	16645	16645	16667	16674	16674	16645	16667	16667	16645	16674	16645	16667	16645	16667	16674	16667	16674	16674	16667	16667	16667	16674	16674	16667	16667	16674	16645	16674	16674	16667	16674	16645	16667	16645	16667	16674	16667	16667	16645	16667	16645	16645	16667	16645	16674	16667	16645	16645	16674	16645	16667	16667	16674	16667	16645	16674	16667	16674	16645	16667	16667	16674	16667	16667	16667	16674	16667	16674	16667	16667	16667	16674	16674	16645	16645	16667	16667	16667	16674	16645	16667	16667	16667	16667	16645	16667	16667	16674	16674	16674	
15440	15440	16874	17138	17138	17138	16669	17138	17138	17138	
16405	16669	16639	16669	15523	16874	15440	15523	15440	15440	15440	16669	16669	15440	15523	16639	16669	15440	15440	16669	15440	17138	17138	17138	16669	17138	17138	17138	
15486	15491	15486	15501	16646	15501	16646	16668	16646	16639	16646	16646	16639	16646	16639	16668	16668	16646	16646	16646	16639	16668	16646	16646	16639	16639	16639	16646	16646	16646	16646	16668	16646	16646	16668	16646	16639	16646	16668	16646	16646	16668	16639	16646	16639	16668	16668	16646	16646	16639	16639	16646	16646	16639	16668	16646	16668	16646	16646	16646	16646	16646	16639	16646	16646	16646	16646	16639	16639	16646	16646	16668	16639	16646	16646	16646	16668	16646	16639	16668	16646	16646	16646	16639	16639	16639	16639	16646	16639	16639	16639	16646	16668	16646	16646	16646	16646	16646	16646	16639	16646	16639	16668	16646	16646	16646	16668	16646	16646	16646	16668	16668	16668	15440	16646	16668	16646	16639	16646	16646	16646	16646	16668	16646	16646	16646	16668	16646	16639	16646	16646	16668	16646	16646	16646	16668	16646	16668	16668	16639	16646	16668	16646	16646	16646	16639	16668	16668	16668	
15523	16669	15440	16639	15440	16669	16639	17138	17138	17138	16261	17138	17138	17138	
16734	16734	17438	17438	17438	16743	17438	17438	17438	
14909	16669	15440	15523	15440	15523	16669	15440	15440	16669	15440	16639	15523	15440	15440	15440	16874	17138	17138	17138	16669	17138	17138	17138	
16405	16874	15523	16669	15440	16874	16669	16669	17138	17138	17138	17087	17138	17138	17138	
14782	16405	16261	17138	17138	17138	17087	16700	17138	17138	17138	
16669	15440	16669	16669	17138	17138	17138	16405	17138	17138	17138	
17438	17438	17438	17438	17043	17438	17438	17438	
15491	16639	16645	16645	16645	16667	16667	16667	
16734	16734	17438	17438	17438	14782	17438	17438	17438	
15440	16669	15523	15440	16669	16639	17138	17138	17138	14782	17138	17138	17138	
14909	16700	16700	17043	16743	17087	17438	17438	17043	17438	17438	17438	16605	17438	17438	17438	
16313	15440	16313	16645	16645	16645	15523	15523	16645	16645	16645	
15440	16639	16645	16645	16645	15440	16645	16645	16645	
14909	16605	16874	16669	15440	15440	16669	16669	16874	16669	16639	16669	15440	16669	15440	15440	15523	15440	15523	15440	15440	15440	16639	16669	17138	17138	17138	16669	17138	17138	17138	
15440	15440	16669	15523	15440	15440	16669	17138	17138	17138	17087	16700	17138	17138	17138	
16639	16639	16645	16645	16645	16645	
16313	15440	15440	16874	16669	15440	16669	15440	16639	17138	17138	17138	17087	17138	17138	17138	
15440	16669	15440	15440	16639	16639	16669	15440	16639	16669	15523	17138	17138	17138	17087	17138	17138	17138	
14909	15440	15440	15440	14909	16669	16874	15440	15523	16669	16639	17138	17138	17138	
16313	17138	17138	17138	16734	17138	17138	17138	
16669	16874	16639	15440	16669	15523	15523	15440	17138	17138	17138	17087	17138	17138	17138	
16674	16674	16674	16667	16667	16667	16674	16667	16645	16645	16674	16667	16645	16645	16667	16645	16667	16667	16645	16645	16667	16674	16645	16667	16674	16667	16674	16667	16645	16667	16667	16674	16645	16667	16667	16645	16645	16667	16667	16645	16645	16667	16674	16674	16667	16667	16645	16674	16674	16674	16646	16674	16667	16674	16645	16667	16667	16667	16667	16667	16645	16645	16667	16667	16645	16667	16667	16667	16667	16674	16667	16667	16667	16667	16667	16645	16667	16667	16667	16645	16674	16674	16645	16645	16645	16667	16667	16645	16667	16645	16667	16667	16667	16667	16645	16667	16645	16667	16667	16667	16674	16667	16667	16667	16667	16645	16645	16667	16667	16645	16645	16667	16667	16674	16645	16645	16674	16667	16667	16645	16667	16667	16667	16667	16667	16645	16645	16645	16667	16645	16667	16645	16667	16674	16645	16667	16674	16674	16674	
17040	17438	17438	17438	16743	17438	17438	17438	
14782	14782	16405	16669	15523	15440	16669	16669	16669	16605	16639	17138	17138	17138	
14909	16734	16734	17438	17438	17438	16313	17438	17438	17438	
16405	15523	16639	16639	16645	16645	16645	16646	16667	16667	16645	16674	16674	16667	16674	16645	16667	16645	16645	16667	16667	16667	16667	16645	16667	16667	16674	16667	16645	16645	16667	16667	16667	16645	16645	16667	16645	16667	16645	16674	16645	16645	16645	16645	16645	16645	16674	16667	16667	16667	16674	16667	16667	16667	16645	16674	16674	16674	
17043	16743	16743	17043	16700	16743	17043	17043	17087	17438	17438	17438	16313	17438	17438	17438	
17087	17438	17438	17438	16734	17438	17438	17438	
17138	16743	17138	17138	17138	17087	17138	17138	17138	
16605	16405	15440	15440	17138	17138	17138	16669	17138	17138	17138	
14782	16734	16261	17040	17040	17438	17438	17438	16566	17438	17438	17438	
17138	17138	17138	17138	17438	17438	17438	
14909	16405	16669	16669	15523	16639	16669	15440	15440	16669	16669	15523	16669	16669	16874	15440	16639	15523	15523	15440	15523	16639	15523	16669	16669	17138	17138	17138	16874	16669	17138	17138	17138	
15440	15440	15440	16669	16669	15523	16639	17138	17138	17138	17438	17438	17438	
15501	15501	16646	16667	16667	16674	16667	16667	16674	16667	16645	16645	16645	16645	16674	16674	16667	16667	16667	16674	16645	16667	16667	16667	16667	16674	16667	16667	16667	16667	16645	16667	16667	16667	16674	16674	16674	16646	16645	16674	16667	16667	16667	16674	16674	16674	
15440	16669	16874	15523	16639	16669	16874	15440	16669	16669	15523	15440	17138	17138	17138	15523	17138	17138	17138	
16566	16874	16669	15440	16639	15523	15440	15523	16639	17138	17138	17138	16669	17138	17138	17138	
16313	16405	15440	16313	15523	15523	15440	16669	16874	16669	16639	17138	17138	17138	16874	17138	17138	17138	
15440	16639	16639	16639	15440	16639	16639	16639	
