17138	17138	17138	17138	16669	17138	17138	17138	
16743	17138	17138	17138	16700	17138	17138	17138	
16874	16669	16669	16669	17138	17138	17138	17087	17138	17138	17138	
15440	17138	17138	17138	17087	17138	17138	17138	
16566	16669	17138	17138	17138	17087	17138	17138	17138	
17138	17138	17138	17138	17087	17138	17138	17138	
16669	17138	17138	17138	17087	17138	17138	17138	
16405	15440	16874	15440	17138	17138	17138	16700	17138	17138	17138	
16566	17138	17138	17138	17087	17138	17138	17138	
16700	16743	17138	17138	17138	17087	17138	17138	17138	
17043	16700	17043	17138	17138	17138	17087	17138	17138	17138	
16700	16700	17043	16700	16700	17138	17138	17138	17087	17138	17138	17138	
17138	17138	17138	17138	17087	17138	17138	17138	
16874	17138	17138	17138	17087	17138	17138	17138	
16261	17438	17438	17438	17040	17438	17438	17438	
16734	17438	17438	17438	16743	17438	17438	17438	
16405	16405	16669	16669	16669	17438	17438	17438	
16700	17087	17438	17438	17438	17138	17438	17438	17438	
17138	17138	17138	17138	17087	17138	17138	17138	
15523	15523	17138	17138	17138	17087	17138	17138	17138	
16734	16261	17438	17438	17438	16743	17438	17438	17438	
16669	17138	17138	17138	16669	16700	17138	17138	17138	
16743	16743	16743	17138	17138	17138	17087	17138	17138	17138	
16566	16669	15440	16874	16874	16874	16261	16669	16669	16669	17138	16669	17138	17138	17138	
16313	15440	17138	17138	17138	17087	17138	17138	17138	
16261	17438	17438	17438	17138	17043	17438	17438	17438	
16669	17138	17138	17138	17087	17138	17138	17138	
17138	17138	17138	17138	17087	17138	17138	17138	
15440	15440	16874	17138	17138	17138	17087	17138	17138	17138	
14782	15523	17138	17138	17138	17087	17138	17138	17138	
17043	16700	17087	17087	17087	17138	17138	17138	
16700	16743	16743	17138	17138	17138	17087	17138	17138	17138	
15440	17138	17138	17138	17087	17138	17138	17138	
16700	17043	16700	16700	16700	16700	17138	17138	17138	17087	17138	17138	17138	
16405	16874	17138	17138	17138	16669	17138	17138	17138	
16874	17138	17138	17138	16700	17138	17138	17138	
17043	16700	16700	16743	17043	16700	16700	17087	17087	17438	17438	17438	16405	17438	17438	17438	
16734	17438	17438	17438	17138	17438	17438	17438	
16405	16669	17138	17138	17138	17087	17138	17138	17138	
16405	16405	17138	17138	17138	16669	16700	17138	17138	17138	
16743	17138	17138	17138	16700	17138	17138	17138	
17043	17138	17138	17138	17087	17138	17138	17138	
16743	16743	16743	16743	17087	17087	17087	
17138	17138	17138	17138	17087	17138	17138	17138	
16743	17138	17138	17138	16700	17138	17138	17138	
17138	17138	17138	17138	16669	16700	17138	17138	17138	
16700	17138	17138	17138	17087	16700	17138	17138	17138	
17043	17138	17138	17138	17087	16700	17138	17138	17138	
16743	16743	17138	17138	17138	17087	17138	17138	17138	
16700	17087	17438	17043	17438	17438	17438	16743	17438	17438	17438	
