16405	16669	17138	16874	17138	17138	17138	17087	17138	17138	17138	
17138	17138	17138	17138	17087	17138	17138	17138	
16566	15440	17138	17138	17138	17087	17138	17138	17138	
17087	16700	17087	17438	17438	17438	16743	17438	17438	17438	
16667	16645	16645	16645	16645	16645	16674	16645	16645	16645	16667	16667	16645	16645	16645	16645	16645	16667	16667	16674	16645	16667	16674	16667	16645	16645	16667	16645	16667	16674	16645	16667	16674	16674	16667	16674	16667	16674	16645	16645	16667	16667	16645	16645	16674	16667	16674	16667	16645	16674	16645	16674	16645	16645	16645	16667	16645	16645	16645	16667	16645	16645	16667	16645	16667	16645	15440	15440	16667	16674	16674	16674	16646	16667	16667	16645	16667	16667	16645	16645	16645	16674	16667	16667	16645	16674	16667	16667	16667	16667	16667	16667	16667	16645	16667	16674	16645	16645	16674	16667	16645	16674	16645	16667	16667	16645	16674	16645	16667	16667	16645	16667	16667	16674	16667	16667	16645	16667	16667	16667	16674	16667	16674	16674	16674	
16669	16874	15440	17138	16669	17138	17138	17138	17087	17138	17138	17138	
16261	17438	17438	17438	16743	17438	17438	17438	
16669	17138	17138	17138	17087	17138	17138	17138	
17043	17138	17138	17138	17438	17438	17438	
16405	17138	17138	17138	17087	16700	17138	17138	17138	
16669	16874	17138	17138	17138	17087	17138	17138	17138	
16743	16743	17138	17138	17138	17087	17138	17138	17138	
17043	17138	17138	17138	17087	17138	17138	17138	
16668	16646	16646	16639	16639	16639	16646	16646	16646	16646	16646	16639	16646	16668	16668	16646	16668	16639	16639	16646	16639	16639	16646	16668	16639	16646	16646	16639	16646	16646	16639	16646	16668	16646	16646	16646	16639	16646	16646	16639	16646	16639	16668	16639	16639	16639	16639	16639	16639	16646	16646	16668	16646	16646	16646	16646	16639	16639	16639	16639	16639	16668	16639	16646	16646	16646	16646	16646	16646	16668	16646	16639	16646	16639	16646	16639	16668	16668	16639	16646	16668	16668	16668	15523	16646	16646	16646	16646	16646	16646	16639	16639	16668	16639	16639	16646	16646	16646	16646	16639	16646	16639	16646	16646	16639	16646	16646	16668	16646	16639	16646	16646	16646	16646	16646	16639	16646	16646	16646	16639	16639	16646	16639	16668	16668	16639	16646	16639	16646	16639	16646	16639	16668	16639	16639	16646	16646	16668	16646	16646	16646	16646	16668	16646	16639	16639	16646	16646	16639	16668	16639	16668	16646	16639	16668	16646	16668	16646	16639	16646	16639	16639	16639	16646	16639	16668	16646	16639	16646	16639	16646	16646	16639	16639	16639	16639	16639	16639	16639	16668	16646	16668	16639	16639	16668	16639	16646	16646	16668	16646	16646	16646	16639	16646	16668	16646	16646	16646	16646	16639	16639	16639	16639	16668	16646	16646	16668	16639	16639	16639	16646	16639	16639	16646	16646	16639	16646	16639	16639	16646	16646	16646	16646	16639	16639	16646	16646	16646	16646	16646	16646	16639	16668	16646	16639	16646	16646	16639	16668	16668	16646	16639	16668	16646	16639	16639	16639	16668	16668	16646	16646	16668	16668	16639	16646	16639	16646	16639	16646	16646	16646	16668	16639	16646	16639	16639	16646	16668	16639	16668	16646	16639	16668	16646	16646	16639	16639	16646	16646	16646	16639	16668	16639	16668	16646	16668	16639	16639	16646	16668	16646	16668	16646	16646	16646	16639	16646	16646	16646	16668	16646	
16669	16669	17138	17138	17138	17087	17138	17138	17138	
17043	17043	16700	17043	16700	16743	17138	17138	17138	16669	17138	17138	17138	
17043	16743	16743	16700	16700	17043	17043	17043	17138	17138	17138	
16313	17138	17138	17138	17087	17138	17138	17138	
17138	17138	17138	17138	17087	17138	17138	17138	
16668	15523	16639	16639	16639	16668	16646	16668	16646	16639	16646	16646	16639	16668	16646	16639	16646	16668	16646	16639	16646	16646	16668	16646	16639	16646	16639	16639	16646	16639	16646	16639	16639	16646	16639	16646	16668	16668	16646	16646	16646	16646	16646	16646	16646	16646	16646	16646	16639	16646	16639	16646	16668	16646	16639	16646	16639	16639	16668	16646	16668	16646	16646	16639	16646	16639	16646	16646	16646	16639	16639	16639	16646	16639	16639	16646	16646	16639	16646	16639	16646	16646	16639	16639	16639	16668	16646	16639	16639	16668	16646	16646	16639	16646	16639	16646	16639	16646	16646	16639	16646	16668	16639	16639	16646	16646	16668	16646	16646	16668	16646	16646	16639	16668	16668	16646	16646	16639	16668	16639	16639	16646	16668	16668	16646	16639	16639	16639	16646	16639	16646	16646	16646	16639	16646	16639	16668	16639	16646	16646	16639	16646	16668	16646	16646	16639	16646	16639	16668	16668	16639	16668	16668	16668	16667	16645	16646	16639	16639	16639	16646	16646	16646	16668	16639	16646	16646	16646	16646	16639	16668	16646	16639	16646	16646	16639	16646	16639	16639	16646	16646	16639	16646	16646	16668	16639	16646	16639	16668	16639	16668	16639	16646	16646	16646	16639	16639	16646	16668	16646	16646	16646	16646	16639	16646	16668	16668	16646	16639	16639	16639	16646	16639	16646	16646	16668	16646	16646	16668	16646	16639	16646	16639	16646	16646	16668	16646	16646	16646	16639	16646	16639	16646	16639	16639	16639	16646	16646	16646	16646	16639	16639	16639	16639	16646	16646	16639	16646	16646	16646	16646	16639	16646	16668	16668	16646	16646	16639	16646	16646	16639	16668	16646	16639	16646	16646	16668	16639	16668	16646	16646	16668	16639	16668	16646	16639	16646	16639	16646	16646	16639	16646	16668	16639	16668	16639	16639	16668	16646	16639	16646	16639	16639	16646	16639	16668	16646	16646	16639	16639	16668	
16566	16566	16405	16313	16605	15523	17138	17138	17138	16405	16700	17138	17138	17138	
17138	17138	17138	17138	17087	17138	17138	17138	
16700	16700	17043	16700	17438	17438	17438	17138	17438	17438	17438	
17087	17087	17438	17438	17438	16313	17438	17438	17438	
16874	16669	17138	17138	17138	17087	17138	17138	17138	
17043	16700	17138	17138	17138	17087	16700	17138	17138	17138	
17138	17138	17138	17138	16700	17138	17138	17138	
15440	17138	17138	17138	16874	17138	17138	17138	
16566	17138	17138	17138	17438	17438	17438	
16669	16874	16669	16874	17138	17138	17138	17087	16700	17138	17138	17138	
16313	17138	17138	17138	17087	17138	17138	17138	
17087	17438	17438	17438	16405	17438	17438	17438	
17138	17138	17138	17138	17087	17138	17138	17138	
14909	15523	16874	16874	16639	17138	17138	17138	17087	17138	17138	17138	
15440	16669	16669	17138	17138	17138	17087	17138	17138	17138	
16734	17438	17438	17438	16566	17438	17438	17438	
16743	17138	17138	17138	16261	17138	17138	17138	
16874	16669	17138	17138	17138	16669	17138	17138	17138	
16734	17438	17438	17438	16743	17438	17438	17438	
15523	16669	15440	15440	17138	17138	17138	17087	17138	17138	17138	
16874	16669	16669	17138	17138	17138	17087	17138	17138	17138	
16566	15440	16566	15440	16566	17138	17138	17138	17087	17138	17138	17138	
16566	16669	16874	16669	17138	17138	17138	16874	17138	17138	17138	
16669	16669	16669	17138	17138	17138	16669	17138	17138	17138	
16700	17087	17087	17087	16743	17438	17438	17438	
17043	16700	17138	17138	17138	17087	17138	17138	17138	
15523	17138	17138	17138	16669	17138	17138	17138	
16313	16874	17138	17138	17138	17087	17138	17138	17138	
17043	16743	16743	17138	17138	17138	17087	17138	17138	17138	
16669	15523	16874	17138	17138	17138	17087	17138	17138	17138	
