17043	15440	15440	17040	17087	16734	17438	16700	17043	17438	17043	17040	17087	16313	17438	16743	17438	16566	17438	16734	17438	17438	17438	15440	17438	16700	17438	17043	17043	17043	17438	17438	17438	
16261	17438	17043	16734	17043	17438	17040	16700	17043	17043	16700	16405	16566	17438	16405	17087	17438	16313	17040	17043	17040	17438	17438	17438	17043	15440	16405	16313	15440	17438	16605	16313	17438	17438	17043	14909	17438	17438	16734	17043	15440	17043	17438	17438	15523	17438	17043	14782	17438	17438	17438	
16700	16261	16566	17043	17043	16313	16700	17043	17040	17138	16313	17138	17138	16669	16261	17138	17138	17138	16566	16743	16669	16669	17138	17138	17138	
15523	15523	15440	15523	16405	16639	16639	15440	16639	15440	15440	16669	15440	16639	16313	16874	16405	16700	15440	16874	15486	16874	16669	16874	15523	15440	15440	16405	15523	15440	15440	15440	16405	15440	16645	16669	16405	16669	16646	16646	16261	17138	16669	16669	17138	17138	17138	16669	17138	17138	16261	16261	17138	16734	16700	17138	16743	16669	17138	16700	17138	17138	17138	
14782	16669	16669	15440	16700	16669	14909	16874	16261	16261	16405	16566	15440	15440	16874	17138	15440	16874	16405	16566	17138	17138	17043	17138	17043	16874	16700	16669	17138	16405	16743	17138	16261	16874	16669	16405	16669	16743	16669	17138	17087	17138	17138	16700	16700	17138	16734	17138	17138	16874	17138	16669	17138	17138	17087	17138	17138	16405	16700	16743	17138	16743	17138	17138	16405	17138	17087	17138	16874	16405	17138	17138	16605	16700	17138	16734	16700	17138	16700	16700	15523	16405	16261	17138	16669	17138	16700	17138	16669	16743	16700	16700	17138	17138	16700	16874	17138	17138	16669	17138	17138	17138	15440	15440	16405	16669	17138	17138	17138	
15440	16405	16566	16734	16700	17438	15440	17438	17043	16743	17438	17438	16313	17438	16313	17040	17043	17438	16405	17438	17438	17043	16405	17087	17043	17438	17438	17040	17040	17438	17040	17043	17043	16313	17438	16313	16734	17043	16405	16605	17438	17043	17438	16313	17438	17438	17438	16734	15440	15440	17087	17043	17438	17043	16405	16313	17438	16405	16313	17087	17438	15523	16700	16405	17043	16313	17087	16605	16743	16700	16313	16700	17438	17043	17040	17043	16566	17043	17438	16313	14782	17438	16405	16313	15491	17043	17438	16313	17438	16605	17043	17438	17438	17043	17438	17043	17438	16313	17438	16700	16313	17438	17438	17087	16313	17438	16700	16405	17043	17087	17043	14782	16313	16700	16605	17040	16405	16605	17043	17438	17438	17087	17087	16313	17040	17438	17438	16734	17043	17438	17438	17438	
15523	16874	16874	16669	16405	16669	17138	16669	17138	16700	17087	17087	17087	16566	16669	16700	17138	16669	16874	17087	17138	16743	17138	17138	14782	16700	17138	17138	17138	17138	
16405	16669	16700	16743	16405	16743	17138	17138	17138	16734	17138	16743	16874	17138	16566	17138	17138	17138	
17087	16313	16566	16566	16313	16669	15440	17087	16405	16669	16669	17087	17087	17087	16566	16261	16874	17087	17087	17438	16605	17043	17438	16313	16605	17043	17438	17438	17087	16605	17438	16700	16313	17438	17438	16313	17438	17438	17043	17438	17087	17438	17043	16605	16405	16313	17438	16605	16668	16313	17043	17438	16743	17043	17438	15486	16667	17438	15440	17438	17438	16313	17040	17438	16743	17043	16313	16734	17043	17438	17043	16605	17438	17438	17087	17087	17438	17087	16313	17438	17087	17043	17438	17040	17438	16605	17438	16405	16405	17438	17438	17040	17438	17438	17438	
15523	16700	16669	16734	16743	17087	16566	16700	16734	16313	17438	16261	17438	17438	16313	17438	16313	17438	16566	17040	16743	14782	17438	17438	17438	16405	17438	16313	17043	17087	17438	17438	17438	
17040	16405	15440	17438	17438	17438	16405	16734	16405	17438	16669	17438	17043	16313	17043	17087	16605	16700	17040	17087	17043	17438	16605	17438	17438	17438	
17043	14909	16313	17438	17043	16734	16313	16405	16313	17438	17438	16313	17043	17438	16313	17438	16605	17438	17438	17438	16405	16700	17040	16405	17438	17438	17438	
16646	16646	16646	16566	16639	16874	16566	15523	16639	16566	16639	17138	16734	16405	17138	17138	16669	16743	17138	16669	17138	16669	17138	17138	17138	16313	15440	15440	16700	17138	16700	16874	17138	16700	16669	17138	17138	16700	16743	16669	17138	17138	15440	16261	16874	16261	17138	16669	16700	17138	17138	17138	
16261	15440	15440	17043	17438	17043	17087	17043	17040	17438	17438	15440	17438	17438	16313	17043	17438	16313	17438	16313	17438	17043	16700	17438	16313	16605	17438	15440	17087	16566	17438	17438	16700	16734	16605	17438	16566	17138	17438	17438	17438	16668	16405	16405	17438	17087	16734	16605	17043	14782	17040	17087	16566	17043	16313	17438	17438	16605	16313	17438	17087	17043	17043	17040	16313	17438	16700	17438	17087	16313	15523	16674	17438	17043	17438	17438	17438	
16700	16405	17043	16313	17043	17087	14782	17438	16566	17043	17087	17438	15523	17438	17438	16313	16313	17438	17438	17087	17438	17438	17040	17438	16405	17438	17438	17043	17087	17438	16313	16313	16313	17043	16605	17040	17438	16566	15523	15440	16313	17040	16605	17438	17438	17438	17043	17438	16605	16700	17438	17438	17040	16743	17438	17087	17043	17438	17087	16313	17043	17438	17438	16313	16313	17438	16313	16313	17438	17087	17040	17087	16700	17438	17438	17438	
17043	17438	16700	15440	17438	16734	17438	17438	17438	16313	17043	17087	17043	16313	16313	16605	17438	17438	17438	
15440	16700	16734	15523	16734	17043	16566	16313	16669	16734	17087	17043	15440	17438	17438	16734	14909	17438	16313	17043	17438	17438	17043	16700	17043	16700	17043	17087	16313	16566	16313	17087	17438	17043	17043	17438	15440	16313	17438	17438	17040	17087	17087	16313	17438	17087	17438	17043	16734	17087	16313	17438	17043	17438	16313	17438	16700	16874	17438	17438	17438	16313	15486	17043	17438	17438	17438	
16639	16646	14909	16667	16669	15440	16874	16405	16639	15523	14782	16261	16669	16669	15440	16669	16669	16405	15523	16669	17138	16700	16700	15440	16405	16566	17138	16874	14782	17138	16700	17138	16700	16669	17138	16405	16743	16743	17138	17138	17043	17138	15523	16700	17138	17138	17138	16700	16700	16261	16566	17138	17138	16566	17043	16700	16700	16261	17138	17138	16669	17138	16669	16700	17138	14782	16261	16669	17138	17138	16700	17138	16405	17138	17138	17138	
16700	15523	16743	16743	16668	16700	16743	16700	17043	17043	17138	15523	17138	17138	17138	15523	16743	16743	16700	16700	17138	17138	17138	
15440	15523	16566	16874	16405	17087	15440	17438	17438	17438	16743	17087	17043	17438	14909	17438	16700	16734	17438	17438	16734	17438	17043	17043	17438	16700	17043	16743	17438	17438	17438	
16566	14782	16405	15491	15440	15491	16405	16566	15440	15440	17138	16261	16566	16874	17087	16743	16700	16874	17138	17138	17138	16646	16700	16669	17138	17138	17138	
14909	15440	16743	16874	17043	17043	17043	15486	16669	17087	17438	16405	17087	16734	17438	17438	16313	16605	17043	17043	17040	17087	17087	17438	17438	16605	17043	16313	16700	17043	17438	16313	17438	16313	17438	16743	17438	17438	17087	14909	17040	17043	16405	16313	17043	17438	17438	16313	17438	17438	17040	17040	17438	16743	17043	17438	16405	17043	15491	17438	17438	16566	17438	17043	17438	17087	17043	17040	16734	17438	16405	17438	17438	17438	
17043	16313	16700	16566	16700	17138	14782	17043	16700	16700	16700	17138	16261	16700	17138	17138	16261	17138	17138	16700	16405	16874	16874	16700	16669	17138	17138	17138	16669	16566	17138	17138	16669	17138	17138	16700	16874	16734	16734	17138	17138	15523	16669	17138	17138	17138	
16700	15440	16743	16313	17138	16405	16669	16669	17138	16669	16405	16743	16734	16700	17138	17138	16669	17138	16566	16669	17138	17138	17138	15491	16700	16700	17138	17138	17138	
17043	16669	16874	16566	17438	16405	17138	17138	16734	17040	17087	17438	16605	17040	17087	17438	16605	17043	16700	17438	16669	17438	17043	16313	17043	16405	17438	17438	14782	16566	17043	16700	17043	17438	17087	16313	17043	16405	17438	17438	15523	15440	17438	15440	17438	17438	17087	15523	17087	17438	17438	17438	17043	17043	14782	16405	16313	17438	17438	17043	17040	17438	17040	16313	15440	17087	17438	17043	16566	17438	17438	17438	
16405	15440	16669	15523	15440	15440	17138	16566	16874	16874	17138	17138	17138	16700	16700	16405	17138	16405	16734	16700	17138	17138	16669	17138	16669	16669	17138	16669	16261	17138	17138	16743	16743	17138	16669	17138	16261	17138	16669	17138	16405	16669	17138	16261	16669	17138	17138	16261	17138	16261	16405	16669	17138	15523	17138	16566	17138	17138	16700	17138	17138	17138	
16405	16669	16874	16874	17138	17138	17138	17438	17040	16313	15440	17438	17438	17043	17043	17438	16700	17438	16405	16700	17040	16313	17438	16669	16700	16734	17438	16313	17438	17087	17087	17438	17438	17438	
16566	16674	16669	16667	16674	15486	16669	15440	16667	16645	15523	15440	15440	14909	16668	16674	15440	15440	16667	16645	16667	16645	16667	15523	15440	15440	16566	16645	15523	16669	16674	15491	15440	16667	15440	16674	16646	15440	14909	15440	16669	16313	16674	16646	16645	16667	15523	16667	16674	15523	16646	16667	15501	15440	15440	15440	16674	16674	16667	14782	15440	16667	15440	16667	16667	15440	15440	16639	15523	16645	15440	16667	15486	15440	16566	15440	15440	15440	15440	16667	15440	16667	15501	15440	16667	15501	15440	16667	16405	16667	16874	15440	16261	16669	16669	16405	15523	16405	16669	15523	16605	15440	16566	16874	16669	16669	16405	16874	16639	14782	17138	16669	17138	17138	16669	16405	15523	17138	16874	17043	17138	16700	16700	16700	17138	17138	16743	17138	16405	16700	16669	16405	16874	17138	16669	16700	17138	17138	16700	16566	16700	16566	17138	17138	15440	17138	16669	15440	17138	17138	16405	17138	17138	16669	17138	16700	16743	16874	17138	17438	16313	17040	17043	17043	16605	17438	17043	16605	17043	17043	17438	16743	17438	17438	17438	16405	16313	16405	16734	17043	17438	16313	17438	17438	17438	
16405	16874	16669	17138	14782	16874	15523	16669	17138	16700	16261	16405	17138	16566	16669	16405	17138	14782	16669	16874	16669	17138	16669	16700	17138	17138	16743	16405	16669	17138	16261	15440	17138	15440	17138	17138	16874	16669	17138	16669	17138	17138	17138	15440	16743	15440	16669	16700	16700	17138	17138	16669	17040	17138	17138	16874	16874	17138	17138	16700	17138	17138	17138	
16313	16669	15440	16639	16566	16874	17138	17138	17138	17087	16313	16405	17087	14782	16669	17138	16700	17138	17138	17138	
16700	16566	17138	17438	17087	16734	17040	17438	17438	17438	14782	14782	16405	16734	17438	16313	16405	17087	16605	17087	17438	16405	14782	17438	17043	17043	17087	17043	17438	17438	16605	17438	17438	15523	16743	16405	17438	16605	16313	17087	17438	16874	17043	16700	16405	17043	17438	16605	17438	16743	16405	16700	17438	16734	17043	17438	17438	17438	
16669	16669	16874	16639	16669	15440	16669	16874	16669	17138	17138	15523	15523	17138	17138	15523	16743	16743	16566	16405	16743	16261	17138	17138	17138	16405	14782	17138	14782	17138	17043	14782	16700	16405	16405	17138	17138	16743	16669	15523	15440	16700	17138	17138	16405	16700	16700	16669	17138	16734	16874	16700	16700	17138	16743	16566	16669	17087	16700	15523	17138	16566	17138	17043	16700	17043	14782	16405	16261	17138	17138	16669	17138	17138	17138	
15440	16566	16405	15440	15523	16405	16700	16669	14782	16700	16874	16874	16405	16405	16669	16669	15440	15486	16874	16669	16669	15523	16874	15440	15440	15523	16646	15440	15440	16405	14909	15440	15440	15440	16405	17138	17138	17138	17438	15440	17043	17040	16700	17438	17438	17087	16313	16313	17438	15440	17040	16605	17043	17438	17043	17043	16700	17043	16700	17438	14782	17043	17043	17087	16605	17040	17438	17438	17043	17043	17438	17438	17438	
15491	14909	16639	16261	15501	16645	15501	16645	15440	16645	16645	15440	16646	16645	16646	15440	15440	16645	16674	16674	15523	14909	16667	15440	16667	15523	15440	15440	16669	15486	15491	15491	15440	15486	16669	16667	16669	16667	16674	16669	16645	16667	15440	16646	16645	15440	16667	16667	15440	16667	16874	17138	15523	16669	16669	16700	16700	16874	17138	16405	16669	16261	16261	16743	16261	16743	16405	15523	17138	16700	17043	17138	16700	17138	16669	17138	16261	16669	17138	17138	16669	16405	17138	17138	17138	15440	16700	16566	17138	17138	16669	17138	16261	16669	16669	17138	16700	16669	15523	16669	16874	17138	16874	16743	17138	17138	16743	16700	17138	17138	17087	16566	16261	16700	16743	16700	17138	17138	16313	16669	17138	16700	16261	16700	16669	16566	17138	17138	16669	16669	17138	16700	17138	15440	17138	17138	16261	16700	17138	17138	16700	16734	17138	16700	17138	16669	16261	16669	16874	17138	17138	16743	17138	16669	15440	17138	17138	16669	17138	14782	17138	16405	17043	16669	16743	16874	17138	17138	16700	17138	17138	16669	17138	16700	17138	17138	16700	16700	17138	16700	16743	17138	17138	16669	17138	17138	16261	16669	16669	16261	16700	16669	17138	16700	17138	17138	16874	17138	16700	17138	17138	17043	16669	16669	17043	16743	17138	16874	16874	17138	17138	16261	16734	16261	16700	16700	17138	17138	17138	
15523	15523	15523	16669	15440	15440	16405	17043	15491	17040	14909	16405	17087	17087	17087	16874	17040	17087	16566	15440	17043	16669	16734	17087	17040	17043	17043	17040	17087	17438	15523	17438	17043	16405	17438	17438	17087	17438	17043	17438	17043	17087	17438	17438	15440	16405	17438	16405	16700	16743	17438	17438	17043	16405	17438	17438	17043	17438	16669	17438	17043	16261	16405	16313	16700	16313	17043	17438	16313	16313	16313	16313	17438	17438	17087	17043	16700	17087	17438	16313	16700	17438	15440	17438	17438	17438	
15523	15440	15440	17138	16700	16669	17138	16743	17138	17138	17138	16700	17138	16669	16700	17138	16669	16874	17138	16669	16669	16261	16261	16743	16405	16743	17138	17138	17138	
17043	16700	17087	16669	15523	16669	16405	17438	17087	17438	16566	17087	17438	17438	16605	16743	17438	16313	17438	17438	14782	16313	16405	16313	17438	17043	17043	16700	17438	16700	17438	17087	17438	15440	16405	17043	16405	16313	17087	17438	16605	16605	16605	16566	16566	14782	16313	16405	17438	17438	16605	16405	17043	17043	17043	17043	15523	17043	16566	15440	17438	17438	16700	16566	17040	17438	17087	17087	17040	17087	17438	16313	16405	17438	16734	17438	16313	16313	17043	16313	17438	17043	17438	17040	17040	17087	17438	16669	14782	17438	16700	17438	16605	17438	17087	17438	17438	16313	17040	17087	17438	17043	16313	16313	17438	17438	17438	16668	16313	17438	16700	16313	16605	17087	17438	17438	16313	17438	16405	17438	17040	17438	17043	16313	17043	16743	17438	17438	17043	16405	17040	17040	16734	16605	17087	17087	16566	17438	15440	16313	17040	17043	17438	17438	17138	17438	16669	16405	17087	16313	17138	17087	17043	17438	17043	17438	16700	17438	17438	16405	17438	17438	17040	17087	17043	16605	17438	16405	17438	17043	17043	17438	16734	17438	17438	15440	16605	17043	16700	17438	16605	16700	17438	17043	17438	17043	16313	16566	17438	17438	16734	17087	17438	16313	16313	16605	16261	16566	17040	17043	17438	17438	16734	17438	17043	17043	17438	17040	17043	16313	16605	16313	17438	17438	17087	17438	16700	17438	17438	16313	17040	17438	17438	17043	17438	16313	17438	17438	17438	
