15523	17138	17138	17138	16700	17138	17138	17138	
14909	16700	16700	17043	16743	17138	17138	17138	17438	17438	17438	
16405	17138	17138	17138	16874	17138	17138	17138	
16669	17138	17138	17138	17087	17138	17138	17138	
16700	17087	17438	17438	17438	16743	17438	17438	17438	
16669	17138	17138	17138	16669	17138	17138	17138	
16743	17138	17138	17138	16669	17138	17138	17138	
16405	17138	17138	17138	17087	17138	17138	17138	
17087	17087	17087	17087	17138	17138	17138	
15523	16874	17138	17138	17138	16261	17138	17138	17138	
