15486	15491	15491	15491	16261	17043	17138	17138	17138	
16700	17043	16700	16700	16700	16700	17138	17138	17138	17087	17138	17138	17138	
17043	16743	16743	16700	17438	16313	17438	17438	17438	16700	17438	17438	17438	
16700	17043	17043	17438	17438	17438	16743	17438	17438	17438	
17138	17138	16743	16700	17138	17138	17138	16700	17138	17138	17138	
17040	17438	17438	17438	17138	17438	17438	17438	
17043	16700	17087	17087	17087	17138	17138	17138	
16405	15440	16405	16405	17138	17138	16700	17138	17138	17138	16700	17138	17138	17138	
16669	16669	16669	16669	16566	17138	17138	17138	
14782	16566	17138	17138	17138	16700	17138	17138	17138	
17043	17043	16700	16700	16743	16700	16743	17138	17138	17138	16700	17138	17138	17138	
16669	16669	17138	17138	17138	17087	17138	17138	17138	
17087	17087	17087	17087	17138	17138	17138	
17087	17087	17438	17438	17438	16313	17438	17438	17043	17438	17438	17438	
16605	17138	17138	17138	16700	17138	17138	17138	
14909	16743	16743	16743	16566	16743	16313	17138	17138	17138	
16669	17138	17138	17138	16700	17138	17138	17138	
16743	17138	17138	17138	17087	17138	17138	17138	
16700	16700	17138	17138	17138	16669	16669	17138	17138	17138	
15440	17138	17138	17138	17087	17138	17138	17138	
16743	17138	17138	17138	16700	17138	17138	17138	
16669	16874	17138	17138	17138	16700	17138	17138	17138	
17138	17138	17138	17138	17087	17138	17138	16700	17138	17138	17138	
16566	17138	17138	17138	16700	17138	17138	17138	
16566	17138	17138	16700	17138	17138	17138	17087	17138	17138	17138	
17043	17043	17138	17138	17138	16700	17138	17138	17138	
16261	17438	17438	17043	17043	17438	17438	17438	16743	17438	17438	17438	
16405	16874	16669	17138	17138	17138	17043	17138	17138	17138	
16605	15440	17138	17138	16743	17138	17138	17138	17087	17138	17138	17138	
16405	15523	16874	16669	17138	17138	16700	17138	17138	17138	16261	17138	17138	17138	
16743	17138	17138	17138	16700	17138	17138	17138	
16566	15440	16313	17138	17138	17138	16700	17138	17138	17138	
16874	16874	17138	17138	17138	16700	17138	17138	17138	
16874	14782	17138	17138	17138	17087	17138	17138	17138	
16669	17138	17138	17138	15440	17138	17138	17138	
16405	16669	16669	17138	17138	17138	17087	17138	17138	17138	
17438	17438	17438	17438	16743	17438	17438	17438	
17043	17138	17138	17138	16874	17138	17138	17138	
16743	16669	16743	17138	17138	17138	16700	16700	17138	17138	17138	
16743	16743	17138	17138	17138	17138	
16669	16669	16874	17138	17138	17138	17087	17138	17138	17138	
15440	17138	17138	17138	17087	17138	17138	17138	
16605	17138	17138	17138	16700	17138	17138	17138	
16261	16261	17438	17438	17438	16605	17438	17438	17438	
16743	16743	17138	17138	17138	17087	17138	17138	17138	
17138	17138	17138	17138	16700	17138	16874	17138	17138	17138	
16405	17138	17138	17138	17043	17138	17138	17138	
17138	17138	17138	17138	16700	17138	17138	17138	
16743	17138	17138	17138	16700	17138	17138	17138	
16700	17138	17138	17138	16700	17138	17138	17138	
16700	17043	16743	16700	17043	17087	17087	17087	17138	17138	17138	
17043	17138	17138	17138	16700	16743	17138	17138	17138	
17043	16743	16700	17138	17138	17138	17087	17138	17138	17138	
17043	16743	17138	17138	17138	17087	17138	17138	17138	
17138	17138	17138	17138	16700	17138	17138	17138	
17043	17043	17043	17043	16700	16700	17043	16743	17087	17087	17438	17438	17438	
17138	17138	17138	17138	16405	17138	17138	17138	
16669	17138	17138	17138	17087	17138	17138	17138	
16313	15440	16874	16669	16669	16874	16669	17138	17138	17138	17087	17138	17138	17138	
16405	17138	17138	17138	16700	17138	17138	17138	
16566	17138	17138	16700	17138	17138	17138	17087	17138	17138	17138	
16743	17138	17138	17138	17043	17138	17138	17138	
17138	17138	17138	17138	17087	17138	17138	17138	
16669	16874	17138	17138	17138	16700	17138	17138	17138	
17138	17138	17138	17138	16700	17138	17138	17138	
17138	17138	17138	17138	17087	17138	17138	17138	
16734	17438	17438	17438	16700	17438	17438	17438	
16743	17138	17138	17138	16700	17138	17138	17138	
17138	17138	17138	17138	17087	17138	17138	17138	
17040	17040	17438	17438	17438	17138	17438	17438	17438	
16734	17438	17438	17438	16743	17438	17438	17043	17438	17438	17438	
16669	17138	17138	17138	16700	17138	17138	17138	
17138	17138	17138	17138	17087	17138	17138	17138	
16566	17138	17138	17138	16874	17138	17138	17138	
16743	16743	17138	17138	17138	15523	17138	17138	17138	
16700	17043	16700	16700	16700	16743	17087	17087	17087	16669	17087	17438	17438	17438	
16566	16669	16874	17138	17138	17138	17087	17138	17138	17138	
17040	17438	17438	17438	16743	17438	17438	17438	
15440	17138	17138	17138	16669	17138	17138	17138	
16405	15523	16669	17138	17138	17138	17138	
16605	17138	17138	17138	16874	17138	17138	17138	
16700	17438	17438	17438	17043	17043	17438	17438	17438	
16669	16874	16874	17138	17138	16743	17138	17138	17138	16700	17138	17138	17138	
16313	16313	15523	17138	17138	17138	16700	17138	17138	17138	
17138	17138	17138	17138	16669	16700	17138	17138	17138	
16874	16669	15523	16874	16669	16874	16669	16669	17138	17138	17138	17087	17138	17138	17138	
16743	16743	17138	17138	17138	16700	17138	17138	17138	
16669	17138	17138	17138	17087	17138	17138	17138	
16566	17138	17138	17138	16700	17138	17138	17138	
16874	17138	17138	17138	16405	17138	17138	17138	
16700	17438	17438	17438	16743	17438	17438	17438	
16700	17087	17087	17087	16405	17087	17438	17438	17438	
17043	16700	17138	17138	17138	16700	17138	17138	16700	17138	17138	17138	
16566	17138	17138	17138	16700	17138	17138	17138	
17138	16700	17138	17138	17138	17087	17138	17138	17138	
16405	16313	16667	16667	16667	15440	16645	16667	16667	15440	16674	16667	16667	16669	16674	15440	16674	16667	16645	16667	16667	15440	16645	16674	16667	16674	16645	16645	16645	16667	16646	16667	16667	16667	16667	16667	16667	16667	16667	15523	16667	15440	16645	16667	16667	15440	16674	16667	16674	16667	15523	16667	16667	16674	15523	16667	15486	15523	15523	16674	16667	16645	14782	16667	16667	16645	16667	16667	16645	15440	16667	16667	15440	16645	16667	16667	16645	15523	16667	16667	16667	16667	16667	16667	16645	16667	16667	16645	15440	16667	16646	16645	16645	16645	16674	16645	16667	16645	15440	16667	16667	15523	16667	15501	16667	16674	16645	16645	16645	15440	16667	16645	16667	16667	16645	16674	16667	16667	16667	16645	16667	16667	16667	15440	16645	15523	16645	16645	16667	16667	16674	16645	16645	16667	16667	16674	15440	16645	16667	16667	16674	16667	16667	16645	16645	15491	16645	16645	16645	16674	16645	16667	15440	16645	16667	16667	16667	15440	16645	16667	16645	16667	16667	16674	16645	16667	16667	16667	15523	16645	16667	16667	16645	16645	16645	16667	16674	16674	16645	16674	16667	16667	15440	16667	16645	16645	16667	16667	16645	15523	16674	16639	15440	15440	16667	16645	15440	16645	16667	16667	16674	16645	16674	16667	16645	15440	15440	16645	16645	16667	16646	16667	16645	16645	16667	15440	16645	16667	16667	16667	16669	16667	16667	16645	15523	15523	16667	16667	16645	16667	16646	16667	15440	16667	16645	16645	16667	16645	16667	15523	16645	16645	16645	15440	16667	15523	16645	16645	16645	16645	16667	16667	16645	16645	15440	15440	16667	16667	16645	16645	16667	16674	16645	16667	16674	15440	15440	16674	15440	16645	16667	16645	15440	15523	16674	16667	16645	16667	16645	16674	16645	16667	16667	16646	16645	16674	16645	16645	16667	16645	16667	16674	16645	16645	16645	16667	16667	16667	16667	16667	16667	
16261	17438	17438	17438	16743	17438	17438	17438	
17438	17438	17438	17438	17138	17438	17438	17438	
16405	16743	17138	17138	17138	17438	17438	17438	
16566	15440	15440	16405	15440	16566	16405	15440	17138	17138	17138	16700	17138	17138	17138	
14782	16743	17138	17138	17138	16669	17138	17138	17138	
17138	17138	17138	17138	17087	17138	17138	17138	
16700	17138	17138	17138	17087	17138	17138	17138	
15523	16874	17138	17138	17138	17087	17138	17138	17138	
16405	15523	16313	17138	17138	17138	17043	17138	17138	17138	
16261	17438	17438	17438	16743	17438	17438	17438	
17087	17087	17087	17438	17438	17438	17138	17438	17438	17438	
16639	16645	16639	16645	16645	16645	16669	16669	17138	17138	17138	
17043	16743	17138	17138	17138	17087	17138	17138	17138	
15440	17138	17138	17138	16700	17138	17138	17138	
16874	16669	17138	17138	17138	16700	17138	17138	17138	
16874	17138	17138	17138	15440	17138	17138	17138	
16700	16700	16743	17138	17138	17138	17087	17138	16669	17138	17138	17138	
17087	17087	17438	17438	17438	16743	17438	17438	17438	
14782	16669	17138	17138	17138	17087	17138	17138	17138	
17043	17138	16874	17138	17138	17138	16700	17138	17138	17138	
15440	17138	17138	17138	17087	17138	17138	17138	
16669	16669	17138	17138	17138	17087	17138	17138	17138	
16743	17138	17138	16700	17138	17138	17138	16874	17138	17138	17138	
17138	17138	17138	17138	16700	17138	17138	17138	
16874	17138	17138	17138	17087	17138	17138	17138	
16743	17138	16743	17138	17138	17138	17138	
16743	16743	16743	16743	17087	16700	17087	17087	17087	
16405	15440	16874	16874	16669	17138	17138	17138	16700	17138	17138	17138	
17138	17138	17138	17138	17087	17138	17138	17138	
17438	17438	17087	17438	17043	17438	17043	17438	17438	17438	16874	17438	17438	17438	
16743	17138	17138	17138	16874	16700	17138	17138	17138	
16669	16669	17138	17138	17138	17087	17138	17138	17138	
16405	16669	17138	17138	17138	17138	
16566	17138	17138	17138	17087	17138	17138	17138	
17138	17138	17138	17138	17087	17138	17138	17138	
16669	15440	16669	17138	17138	17138	16874	17138	17138	17138	
16405	16669	17138	16700	17138	17138	17138	17087	17138	17138	17138	
17138	17138	17138	16700	17138	17138	17138	17087	17138	17138	17138	
16313	17138	17138	17138	17438	17438	17043	17438	17438	17438	
17043	17043	17043	17087	17087	17438	17438	17438	16743	17438	17438	17438	
16566	16405	16313	17138	17138	17138	17087	17138	17138	17138	
16566	17138	17138	17138	17087	17138	17138	17138	
16669	17138	17138	17138	16700	17138	17138	17138	
17138	17138	16669	17138	17138	17138	17138	
16566	17138	17138	17138	17087	17138	17138	17138	
17138	17138	17138	17138	17087	17138	17138	17138	
16566	16566	17138	17138	17138	17087	17138	17138	17138	
16700	17138	17138	17138	17087	17138	17138	17138	
16700	17138	17138	17138	16700	17138	17138	17138	
14782	17138	17138	17138	15440	17138	17138	17138	
17087	17087	17438	17438	17438	16700	17438	17438	17438	
16669	17138	17138	17138	16734	17138	17138	17138	
15440	17138	17138	17138	17087	17138	17138	17138	
16566	16405	17138	17138	17138	16405	17138	17138	17138	
