15523	17138	16669	17138	17138	17138	16669	17138	17138	17138	
16743	16743	17138	17138	17138	16566	17138	17138	17138	
17043	17043	17438	17438	17438	16743	17438	17438	17438	
16566	17138	17138	17138	17087	17138	17138	17138	
17138	17138	17138	17138	17087	17138	17138	17138	
16669	16669	16669	17138	17138	17138	17043	17138	17138	17138	
17040	17438	17438	17438	16743	16605	17438	17438	17438	
16405	16874	16669	17138	17138	17138	16261	17138	17138	17138	
16405	17138	17138	17138	17087	17138	17138	17138	
16669	16669	17138	17138	17138	16261	17138	17138	17138	
14909	15440	17138	17138	17138	17087	17138	17138	17138	
16566	17138	17138	17138	17087	17138	17138	17138	
16313	17138	17138	17138	16669	17138	17138	17138	
17138	17138	17138	17138	17087	17138	17138	17138	
16669	16874	16669	17138	17138	17138	16700	17138	17138	17138	
17043	17043	17138	17138	17138	17087	17138	17138	17138	
16566	15440	17138	17138	17138	17087	17138	17138	17138	
16566	17138	17138	17138	17087	17138	17138	17138	
15523	17138	17138	17138	17438	17438	17438	
16566	17138	17138	17138	17438	17438	17438	
17138	17138	17138	17138	17087	17138	17138	17138	
17138	17138	17138	17138	17087	17138	17138	17138	
16405	17138	17138	17138	17087	17138	17138	17138	
16669	17138	17138	17138	16700	16700	17138	17138	17138	
16405	16405	16669	17138	17138	17138	17043	17138	17138	17138	
16700	17138	17138	17138	16700	17138	17138	17138	
17043	17138	17138	17138	17087	17138	17138	17138	
16700	17043	16743	17138	17138	17138	16700	17138	17138	17138	
15440	17138	17138	17138	17087	17138	17138	17138	
16669	17138	17138	17138	17087	17138	17138	17138	
16405	17138	17138	17138	17087	17138	17138	17138	
17040	17438	17438	17438	17138	17438	17438	17438	
17040	17438	17438	17438	17138	17043	17438	17438	17438	
16405	16669	16669	15440	16874	17138	17138	17138	17087	17138	17138	17138	
17087	17087	17087	17087	16743	17438	17438	17438	
17138	17138	17138	17138	17087	17138	17138	17138	
16669	16669	17138	17138	17138	16405	17138	17138	17138	
16700	17438	17087	17438	17438	17438	17043	17438	17438	17438	
16743	17138	17138	17138	17087	17138	17138	17138	
16669	17138	17138	17138	16700	17138	17138	17138	
14782	16743	16743	16743	16700	16743	17138	17138	17138	
16700	16700	16700	17043	16700	16700	17043	17138	17138	17138	16261	17138	17138	17138	
16743	17138	16743	17138	17138	17138	17087	17138	17138	17138	
17040	17438	17438	17438	16743	17438	17438	17438	
17043	17138	17138	17138	17087	17138	17138	17138	
17087	17438	17438	17438	17138	17438	17438	17438	
16405	15440	17138	16669	17138	17138	17138	16700	17138	17138	17138	
16874	17138	17138	17138	16700	17138	17138	17138	
16405	16874	17138	17138	17138	17087	17138	17138	17138	
17043	17087	17438	17438	17438	16743	17438	17438	17438	
17138	17138	17138	17138	17087	17138	17138	17138	
16743	16743	17138	17138	17138	16700	17138	17138	17138	
15440	17138	17138	17138	16700	17138	17138	17138	
16405	16874	17138	17138	17138	17087	17138	17138	17138	
17087	17087	17438	17438	17438	16743	17438	17438	17438	
16669	16874	16874	15440	17138	17138	17138	16700	17138	17138	17138	
16743	17138	17138	17138	16669	17138	17138	17138	
16743	17138	17138	17138	17087	17138	17138	17138	
17138	17138	17138	17138	17087	17138	17138	17138	
16743	16743	16743	17138	17138	17138	17087	17138	17138	17138	
16261	17438	17438	17438	16743	17438	17438	17438	
16405	17138	17138	17138	17087	17138	17138	17138	
17438	17043	17438	17438	17438	16743	17438	17438	17438	
16700	16700	17087	17087	17438	17438	17438	16743	17438	17438	17438	
16566	16405	17138	17138	17138	17087	17138	17138	17138	
16700	16700	16743	17138	17138	17138	17087	17138	17138	17138	
16700	17138	17138	17138	17087	17138	17138	17138	
16669	16669	15523	16669	15523	16669	15523	17138	17138	17138	17087	17138	17138	17138	
17043	17138	17138	17138	16700	17138	17138	17138	
16700	17138	17138	17138	16700	17138	17138	17138	
15440	17138	17138	17138	17087	17138	17138	17138	
16405	17138	17138	17138	17087	17138	17138	17138	
17138	17138	17138	17138	17087	17138	17138	17138	
16405	17138	17138	17138	17087	17138	17138	17138	
16669	16669	17138	17138	17138	17087	17138	17138	17138	
16700	16700	17138	17138	17138	17087	17138	17138	17138	
16700	16743	16743	17138	17138	17138	17438	17438	17438	
16566	16743	16743	17138	17138	17138	17087	17138	17138	17138	
16700	16700	17043	17043	17043	17043	
16700	17438	17438	17087	17438	17438	17438	17040	17438	17438	17438	
16405	16874	17138	17138	17138	17087	17138	17138	17138	
16743	17138	17138	17138	16261	17138	17138	17138	
16700	17138	17138	17138	17087	17138	17138	17138	
15440	16874	16874	16669	17138	17138	17138	17087	17138	17138	17138	
15523	17138	17138	17138	17087	17138	17138	17138	
17138	17138	17138	17138	17087	17138	17138	17138	
15440	16669	16669	17138	17138	17138	17087	17138	17138	17138	
15440	16874	17138	17138	17138	17087	16700	17138	17138	17138	
17043	16700	17138	17138	17138	17087	17138	17138	17138	
17138	17138	17138	17138	17087	17138	17138	17138	
17138	17138	17138	17138	17087	17138	17138	17138	
16405	15523	16874	16669	17138	17138	17138	17043	17138	17138	17138	
17087	17087	17438	17438	17043	17438	17438	17438	16743	17438	17438	17438	
17043	16700	17043	16700	17087	17087	17087	16743	17087	17087	17438	17438	17438	
17438	17438	17438	17438	16743	17438	17438	17438	
14782	17043	17087	17087	17087	16743	17087	17087	17087	
17043	16700	17043	17138	17138	17138	17087	17138	17138	17138	
16605	16743	17138	17138	17138	17438	17438	17438	
16700	17138	17138	17138	17087	17138	17138	17138	
16743	17138	17138	17138	16700	17138	17138	17138	
16700	17087	17438	17438	17438	16743	17438	17438	17438	
15523	16669	17138	17138	17138	17087	17138	17138	17138	
17043	16700	16700	17043	17138	17138	17138	16669	17138	17138	17138	
16566	16874	16669	16669	17138	17138	17138	17087	17138	17138	17138	
17138	17138	17138	17138	16700	17138	17138	17138	
16405	17138	17138	17138	16700	17138	17138	17138	
16405	16669	16669	16669	16669	
16405	16405	17138	17138	17138	16700	17138	17138	17138	
17138	17138	17138	17138	17438	17040	17438	17438	17438	
17138	17138	17138	17138	16700	17138	17138	17138	
16669	17138	17138	17138	16669	16700	17138	17138	17138	
15440	16669	16669	16874	17138	17138	17138	16669	17138	17138	17138	
16261	17438	17438	17438	16743	17043	17438	17438	17438	
16734	17438	17438	17438	16743	17043	17438	17438	17438	
16667	16667	16667	16667	14782	16667	16645	16645	16667	16645	16667	16667	16674	16667	16667	16645	16645	16674	16667	16667	16645	16674	16645	16667	16667	16667	16645	16645	16667	16667	16667	16645	16667	16645	16667	16667	16667	16645	16645	16667	16674	16667	16645	16667	16645	16645	16667	16645	16667	16667	15440	16674	16667	16645	16667	16667	16667	16667	16645	16645	16667	16667	16645	16667	16667	16645	16667	16667	16645	16645	16645	16667	15440	16667	16667	16667	16645	16667	16645	16645	15440	16645	16645	16667	16667	16667	16667	16667	16645	16674	16674	16645	16645	16674	16674	16645	16667	16667	16667	16674	16645	16645	16667	16674	16667	16645	16667	16667	16645	16645	16674	16667	16674	16645	16645	16645	16645	16645	16645	16645	16645	16674	16645	16667	16667	16645	16645	16667	16667	16674	16667	16645	16645	16667	16667	16667	16645	16645	16674	16645	16667	16645	16667	16667	16645	16674	16645	16645	16667	16645	16645	16667	16667	16645	16667	16645	16645	16645	16667	16667	16667	16674	16645	16645	16674	16645	16667	16667	16645	16667	15523	16645	16645	16667	16645	16667	16645	16645	16667	16645	16645	16667	16667	16667	16667	16667	16645	16674	16667	16667	16645	16667	16667	16645	16667	16674	16645	16667	16667	16667	16667	16667	16645	16667	15440	16667	16667	16645	16667	16667	16674	15523	16667	16645	16667	16667	16667	16667	16667	16667	16667	16667	16674	16674	16674	
17138	17138	17138	17138	17438	17438	17438	
17087	17438	17438	17438	16743	17438	17438	17438	
16874	15523	16669	17138	17138	17138	17087	17138	17138	17138	
16566	16669	17138	17138	17138	16700	17138	17138	17138	
17138	17138	17138	17138	17087	17138	17138	17138	
16743	17138	17138	17138	17087	17138	17138	17138	
16874	16874	17138	17138	17138	17087	17138	17138	17138	
16405	16405	17138	17138	17138	17087	17138	17138	17138	
16743	17138	17138	17138	17087	17138	17138	17138	
16700	17138	17138	17138	16700	17138	17138	17138	
16874	16669	16669	15523	17138	17138	17138	17087	17138	17138	17138	
16669	17138	17138	17138	17087	17138	17138	17138	
14782	17043	17043	17087	17438	17438	17438	16743	17438	17438	17438	
17043	17138	17138	17138	17043	17138	17138	17138	
15523	17138	17138	17138	16669	16700	17138	17138	17138	
17043	17438	17438	17438	16743	17438	17438	17438	
16743	17138	17138	17138	17087	17138	17138	17138	
16566	17138	17138	17138	17087	17138	17138	17138	
16734	17438	17438	17438	16743	17438	17438	17438	
17043	17438	17438	17438	16743	17043	17438	17438	17438	
16734	17438	17438	17438	16743	17438	17438	17438	
16669	17138	17138	17138	17087	17138	17138	17138	
16405	16313	15440	17138	17138	17138	16700	17138	17138	17138	
16669	16874	16874	17138	17138	17138	16700	17138	17138	17138	
16700	16743	16743	16743	17087	17087	17438	17438	17438	
17087	17087	17438	17438	17438	16743	17438	17438	17438	
16734	17087	17438	17438	17438	16743	17438	17438	17438	
16700	17138	17138	17138	16261	17138	17138	17138	
16669	16669	17138	17138	17138	16405	17138	17138	17138	
16700	17138	17138	17138	17087	17138	17138	17138	
17138	17138	17138	17138	16700	17138	17138	17138	
16566	17138	17138	17138	15523	17138	17138	17138	
16743	17138	17138	17138	17087	17138	17138	17138	
16669	17138	17138	17138	17087	17138	17138	17138	
16669	16669	17138	17138	17138	17087	17138	17138	17138	
