17043	16700	17138	17138	17138	17438	17438	17438	
16874	16874	17138	17138	17138	15440	17138	17138	17138	
16734	16261	17438	17438	17438	16743	17043	17438	17438	17438	
16566	17138	17138	17138	15440	17138	17138	17138	
16313	17138	17138	17138	16669	16700	17138	17138	17138	
17438	17438	17438	17438	16743	16743	17438	17438	17438	
16700	16700	16700	16743	16743	16743	17087	17087	17438	17438	17438	
16405	15440	16669	17138	17138	17138	15440	16874	17138	17138	17138	
14782	16734	17438	17438	17438	16743	16743	17438	17438	17438	
17087	17087	17087	17087	16743	17438	17438	17438	
16261	17438	17438	17438	16734	16743	17438	17438	17438	
16734	17438	17438	17438	17138	16743	17438	17438	17438	
16566	17138	17138	17138	16605	17138	17138	17138	
17043	16700	17138	17138	17138	17438	17438	17438	
16605	16566	16669	16669	17138	17138	17138	15440	17138	17138	17138	
16405	17138	17138	17138	15440	17138	17138	17138	
16405	17138	17138	17138	15440	17087	17138	17138	17138	
16700	17043	16743	17138	17138	17138	16313	16700	17138	17138	17138	
16700	17138	17138	17138	17438	17438	17438	
16700	16700	17138	17138	17138	17438	17438	17438	
16566	17138	17138	17138	17087	17087	17138	17138	17138	
16669	17138	17138	17138	16605	17138	17138	17138	
17043	16669	16700	17438	17438	17438	17138	16743	17043	17438	17438	17438	
16700	16743	16743	16743	17087	17087	17087	
17138	17138	17138	17138	16566	17138	17138	17138	
17087	17087	17438	17438	17438	17138	17438	17438	17438	
17043	17138	17138	17138	17438	17438	17438	
17043	17087	17087	17087	16743	17138	17138	17138	
17043	16700	16700	16700	16743	17138	17138	17138	17438	17438	17438	
16669	17138	17138	17138	17087	17087	17138	17138	17138	
17138	17138	17138	17138	17087	17138	17138	17138	
16405	17138	17138	17138	17438	17438	17438	
16313	15523	17138	17138	17138	16405	17138	17138	17138	
17043	17138	17138	17138	17438	17438	17438	
16566	16405	15440	17138	17138	17138	15486	16700	17138	17138	17138	
16405	16874	15523	17138	17138	17138	15440	17138	17138	17138	
17040	17438	17438	17438	17138	16743	17438	17438	17438	
16743	17138	17138	17138	17438	17438	17438	
16734	17438	17438	17438	16743	17438	17438	17438	
16405	16313	16405	17138	17138	17138	16313	16700	17138	17138	17138	
16405	17138	17138	17138	17438	17438	17438	
17087	17087	17087	17438	17438	17438	17138	17043	17438	17438	17438	
16669	15440	16669	17138	17138	17138	15440	16700	17138	17138	17138	
16700	17438	17438	17438	17138	16743	17043	17438	17438	17438	
16700	17138	17138	17138	16605	17087	17138	17138	17138	
17043	16700	16743	16700	16700	16743	17043	16743	17138	17138	17138	17438	17438	17438	
17043	16700	17138	17138	17138	17438	17438	17438	
15440	17138	17138	17138	17087	16700	17138	17138	17138	
16669	17138	17138	17138	16669	17138	17138	17138	
14909	16669	16874	16669	15440	16669	15440	16874	17138	17138	17138	15440	17138	17138	17138	
16669	16669	17138	17138	17138	16669	16700	17138	17138	17138	
16734	17438	17438	17438	16874	16743	17043	17438	17438	17438	
16566	17138	17138	17138	15486	17138	17138	17138	
16669	17138	17138	17138	16566	17138	17138	17138	
17043	17087	17087	17087	16313	17138	17138	17138	
16874	16669	17138	17138	17138	16874	16700	17138	17138	17138	
17138	17138	17138	17138	17087	17138	17138	17138	
16669	16669	16669	16874	17138	17138	17138	16639	17138	17138	17138	
17043	17138	17138	17138	17438	17438	17438	
16743	16743	16743	17138	17138	17138	17438	17438	17438	
16874	16874	16669	16669	17138	17138	17138	16639	17138	17138	17138	
16874	16874	17138	17138	17138	15440	16700	17138	17138	17138	
16743	17138	17138	17138	17087	17087	17138	17138	17138	
15440	17138	17138	17138	16566	16700	17138	17138	17138	
16743	16743	17138	17138	17138	17438	17438	17438	
16700	16700	17138	17138	17138	16313	17087	17138	17138	17138	
16700	16700	17138	17138	17138	17438	17438	17438	
16669	16874	15523	17138	17138	17138	15523	16700	17138	17138	17138	
15440	15440	17138	17138	17138	16405	17138	17138	17138	
16743	16743	16743	17138	17138	17138	17438	17438	17438	
16405	16669	17138	17138	17138	16405	17138	17138	17138	
15440	17138	17138	17138	16669	17087	17138	17138	17138	
14782	16669	16874	17138	17138	17138	15440	16669	17138	17138	17138	
16700	16734	17438	17438	17438	16743	16743	17438	17438	17438	
17040	17438	17438	17438	16313	17043	17438	17438	17438	
15440	17138	17138	17138	15523	17138	17138	17138	
17138	17138	17138	17138	17087	17138	17138	17138	
17043	17043	16743	16700	17043	17043	17138	17138	17138	17438	17438	17438	
16405	16700	17138	17138	17138	17087	16700	17138	17138	17138	
16874	16669	17138	17138	17138	15440	17138	17138	17138	
16405	17138	17138	17138	17087	17138	17138	17138	
16669	17138	17138	17138	15440	17138	16700	17138	17138	17138	
17138	17138	17138	17138	17087	16700	17138	17138	17138	
16405	17138	17138	17138	16874	16700	17138	17138	17138	
16700	17138	17138	17138	17087	16700	17138	17138	17138	
16874	16874	17138	17138	17138	15440	16700	17138	17138	17138	
16261	17438	17438	17438	17138	17043	17438	17438	17438	
17138	17138	17138	17138	17087	17138	17138	17138	
16669	17138	17138	17138	16669	17138	17138	17138	
17043	16734	17087	17087	17438	17438	17438	17138	17043	17438	17438	17438	
16669	17138	17138	17138	16566	17138	17138	17138	
17138	17138	17138	17138	16874	17138	17138	17138	
16405	16261	17138	17138	17138	15440	16700	17138	17138	17138	
16405	15523	17138	17138	17138	16674	17138	17138	17138	
17043	17138	17138	17138	17087	17138	17138	17138	
16743	17138	17138	17138	17087	17087	17138	17138	17138	
17087	17438	17438	17438	17138	17438	17087	17438	17438	17438	
16743	16743	16743	17138	17138	17138	17087	17138	17138	17138	
15523	16669	17138	17138	17138	17438	17438	17438	
16743	17138	17138	17138	16605	16700	17138	17138	17138	
16669	17138	17138	17138	16669	16700	17138	17138	17138	
17138	17138	17138	17138	17087	16700	17138	17138	17138	
17438	17438	17438	17438	16743	17438	17438	17438	
17138	17138	17138	17138	16566	17138	17138	17138	
16743	17138	17138	17138	17438	17438	17438	
16566	16405	16405	16669	17138	17138	17138	15440	16700	17138	17138	17138	
17438	17438	17438	17438	16405	16743	17438	17438	17438	
17138	17138	17138	17138	17087	17043	17138	17138	17138	
16605	16566	16405	16405	15440	16405	17138	17138	17138	16667	17138	16700	17138	17138	17138	
16874	17138	17138	17138	16646	17138	17138	17138	
16669	16874	15440	17138	17138	17138	16669	17138	17138	17138	
16700	17043	17043	17043	16605	17043	16743	16700	17087	17438	17438	17438	
17138	16743	17138	17138	17138	16734	17138	17138	17138	
16669	17138	17138	17138	14782	16700	17138	17138	17138	
17040	17438	17438	17438	16743	16743	17438	17438	17438	
17138	17138	17138	17138	17087	17138	17138	17138	
16405	17138	17138	17138	16313	17138	17138	17138	
16700	17043	17043	16700	17138	17138	17138	17087	17087	17138	17138	17138	
17138	17138	17138	17138	17087	17138	17138	17138	
16874	16669	17138	17138	17138	15523	16700	17138	17138	17138	
16405	16874	16669	17138	17138	17138	15440	16700	17138	17138	17138	
16734	17438	17438	17438	17138	17043	17438	17438	17438	
16700	16743	17138	17138	17138	17087	16700	17138	17138	17138	
16605	17138	17138	17138	16566	17138	17138	17138	
16566	17138	17138	17138	16566	16700	17138	17138	17138	
16405	16669	17138	17138	17138	16646	16700	17138	17138	17138	
16700	16700	17138	17138	17138	17438	17438	17438	
16734	17438	17438	17438	17138	16743	17438	17438	17438	
17138	17138	17138	17138	17087	17087	17138	17138	17138	
16405	16405	16874	16874	17138	17138	17138	15523	17138	17138	17138	
16405	16874	16874	17138	17138	17138	16669	17138	17138	17138	
16743	16743	17138	17138	17138	17438	17438	17438	
16700	16700	16743	16743	16743	17087	17438	17438	17438	
16669	17138	17138	17138	15440	16700	17138	17138	17138	
16669	17138	17138	17138	16639	17138	17138	17138	
15523	16669	16669	16669	14782	16700	16700	16743	17138	17138	17138	
16566	16566	16405	17138	17138	17138	15440	16700	17138	17138	17138	
17043	17138	17138	17138	16734	17087	16700	17138	17138	17138	
16566	17138	17138	17138	17087	17138	17138	17138	
17043	16700	17043	17138	17138	17138	17438	17438	17438	
16405	17138	17138	17138	16261	16700	17138	17138	17138	
17043	17138	17138	17138	17438	17438	17438	
17043	17138	17138	17138	17438	17438	17438	
15440	16874	16669	16669	16669	17138	17138	17138	16639	17138	17138	17138	
16405	17138	17138	17138	15523	16700	17138	17138	17138	
16405	15440	17138	17138	17138	16405	17138	17138	17138	
14909	16566	16669	16669	17138	16874	17138	17138	17138	17087	17138	17138	17138	
16874	17138	17138	17138	15523	16700	17138	17138	17138	
16700	16700	17138	17138	17138	17438	17438	17438	
16700	17043	16700	17138	17138	17138	17438	17438	17438	
