17138	8
17138	8
17138	9
17138	8
17138	10
17138	9
17438	9
17138	8
17138	9
17138	8
17138	8
17138	8
17138	8
17138	8
17138	8
17138	9
17438	8
17138	8
17138	8
17438	10
17138	9
17138	8
17138	9
17138	9
17138	11
17138	8
17138	8
17138	10
17138	8
17138	10
17138	8
17138	8
17138	11
17138	8
17138	14
17438	8
17138	13
17138	8
17438	9
17138	9
17138	8
17138	9
16674	32
17438	9
17438	8
17138	8
17138	10
17438	13
17438	9
17138	8
17138	8
17138	10
17138	8
17138	8
17138	8
17138	10
17138	9
17138	9
17138	8
17138	9
17438	8
17138	8
17138	8
17138	8
17138	8
17138	9
17138	8
17138	7
17438	10
17138	9
17438	8
17138	8
17138	8
17438	8
17138	8
17138	9
17138	10
17138	8
17138	9
17138	8
17138	9
17438	8
17138	8
17438	8
17138	10
17138	9
17438	7
17138	8
17138	8
17138	8
17138	9
17138	10
17138	8
17438	7
17138	9
17138	11
17138	9
17438	10
17138	8
17138	8
17138	12
17438	15
17138	8
17438	8
17138	8
17438	7
17438	9
17138	8
17438	9
17138	12
17138	9
17138	8
17138	8
17138	11
17438	7
17438	9
17438	9
17138	8
17138	8
17138	10
17138	8
17438	7
17138	9
17138	10
17138	9
17087	7
17138	8
16645	10
17138	8
17438	9
17138	9
17138	9
17040	7
17138	10
17138	10
17138	9
17138	10
17138	8
17138	8
17438	9
17438	7
17138	10
17438	9
17138	8
17138	10
17138	9
17138	8
17138	9
17138	8
17438	8
17138	9
17138	8
17138	9
17138	15
17138	9
17138	8
17087	9
17138	8
17138	12
17438	10
17138	8
17138	8
17138	9
17438	9
17138	9
17138	10
17138	11
17138	8
17138	8
17138	9
17138	10
17138	8
17138	9
17438	8
17438	13
17138	9
17138	7
17138	9
17138	9
17138	10
17138	11
17438	10
17438	9
17138	8
17138	8
17438	16
17438	8
17138	11
17138	8
17438	9
17138	8
17138	8
17138	8
17138	8
17138	9
17138	10
17138	9
17138	9
17438	8
17438	8
17138	10
17138	8
17438	8
16645	6
17438	8
17438	9
17138	9
17138	10
17438	9
17138	8
17138	8
17138	8
17138	8
17138	8
17138	8
17438	11
17438	8
17438	8
17138	8
17438	8
17138	8
17138	10
17438	8
17138	8
17138	8
17138	9
17138	9
17438	7
17138	8
17138	8
17138	9
17138	8
17138	8
17138	9
17138	8
17138	9
17138	8
17138	8
17138	9
17438	8
17138	10
17138	9
17138	10
16668	32
17138	8
17138	12
17138	8
17138	12
17138	9
17138	8
17138	8
17138	9
17138	8
17138	8
17138	8
17438	8
17138	9
17138	8
17438	7
17438	8
17138	8
17138	8
17138	9
17138	9
17438	10
17138	8
17138	8
17138	8
17138	9
17438	8
17138	8
17438	17
17138	8
17138	9
17438	11
17138	8
17138	9
17438	8
17138	10
17138	8
17138	8
17138	8
17138	8
17138	8
17138	9
17438	8
17138	10
17138	9
17438	8
17138	8
17138	8
17138	9
17138	8
17138	9
17438	8
17438	8
17138	9
17138	8
17138	9
17138	9
17138	8
17138	8
17138	9
17138	10
17138	9
17138	8
17138	8
17138	9
17138	13
17138	8
17138	9
17138	15
17438	7
17138	8
17138	9
17438	8
17438	8
17138	9
16874	10
17438	9
17138	8
17438	11
17138	9
17138	8
17438	9
17138	8
17138	8
17438	13
17138	10
17138	8
17138	8
17138	8
17138	9
17138	8
17138	8
17138	9
17138	8
17138	8
17438	7
17138	9
17138	9
17438	8
17138	10
17138	10
17138	10
17138	8
17438	10
17138	9
17138	10
17138	8
17138	8
17438	8
17438	7
17138	10
17138	8
17138	9
17138	8
17138	8
17138	9
17138	8
17138	8
17438	9
17438	10
17138	8
17138	8
17138	10
17138	10
17438	8
17138	8
17138	9
17138	8
17138	10
17438	7
17138	8
17138	9
17438	9
17438	8
17138	7
17138	8
17438	10
17138	8
17138	9
17138	8
17138	9
17138	9
17138	8
17138	13
17138	8
17438	8
17138	9
17138	9
17438	11
17438	7
17138	8
17138	9
17138	8
17138	12
17438	8
17138	9
17138	8
17138	8
17438	10
17438	13
17138	8
17138	8
17438	7
17138	9
17138	10
17438	8
17438	8
17138	10
17138	8
17138	9
17138	9
17438	13
17438	8
17438	8
17138	8
17138	8
17138	8
17138	8
17138	9
17138	7
17138	9
17138	9
17438	11
17087	8
17138	8
17438	8
17138	11
17438	7
17138	8
17138	8
17438	7
17138	11
17138	11
17138	10
17138	8
17138	9
17438	7
17138	8
17138	8
17138	8
17138	18
17138	10
17138	8
17438	8
17138	11
17438	8
17438	10
17138	8
17138	8
17138	8
17138	9
17138	9
17438	10
17138	8
17138	9
17138	8
17138	10
17138	9
17138	9
17138	9
17087	8
17138	9
17438	8
17438	7
17138	9
17438	8
17138	9
17438	8
17138	8
17138	10
17138	7
17138	8
17138	8
17438	8
17438	8
17438	8
17138	8
17138	10
17138	9
17138	11
17438	9
17138	10
17438	8
17138	8
17138	11
17438	8
17138	8
17438	8
17138	8
17138	8
17138	8
17138	9
17138	9
16645	10
17138	8
17438	8
17138	9
17138	8
17438	9
17138	9
17438	8
17438	11
17138	9
17138	9
17138	8
17138	10
17138	7
17138	8
17438	9
17438	7
17138	8
17438	9
17138	8
17138	10
17138	8
17138	9
17138	9
17138	10
17138	8
17138	9
17138	9
17138	8
17138	8
17138	9
17138	8
17438	7
17438	17
17138	8
17138	11
17138	9
17138	8
17138	8
17138	9
17438	9
17438	7
17138	8
17438	10
17138	11
17138	9
17138	9
17138	10
17138	8
17438	8
17138	8
17138	8
17138	8
17138	8
17138	8
17138	8
17138	8
17138	10
17138	8
17138	10
17138	8
17138	8
17138	10
17138	9
17438	9
17138	7
17438	8
17138	14
17438	8
17138	10
17438	9
17138	11
17138	10
17138	12
17138	8
17138	8
17138	9
17138	9
17138	8
17138	8
17138	11
17138	9
17138	8
17138	8
17438	8
17138	9
17438	9
17138	10
17138	10
17138	7
17138	8
17438	7
17138	8
17138	8
17138	10
17438	10
17138	11
17138	14
17138	8
17138	8
17138	8
17138	9
17438	8
17138	8
17138	8
17138	11
17138	8
17138	8
17438	9
17438	8
17138	9
17138	8
17138	8
17138	9
17138	10
17138	11
17438	9
17438	9
17438	8
17138	8
17438	9
17438	10
17438	9
17438	11
17438	15
17138	10
17138	10
17138	8
17138	8
17138	8
17138	9
17438	12
17438	11
17138	9
17138	9
17138	8
17138	8
17438	10
17438	7
17138	10
17438	10
17438	8
17138	8
17138	9
17138	10
17138	9
17438	8
17138	8
17138	9
17138	10
17438	9
17438	9
17438	9
17138	8
17138	8
17138	9
17138	9
17138	8
16668	32
17138	12
17138	11
17438	8
17138	8
17138	8
17138	10
17138	10
17138	8
17138	8
17138	9
17438	9
17138	8
17138	8
17438	8
17438	8
17438	9
17138	8
17138	9
17138	10
17138	9
17438	11
17138	10
17138	11
17438	9
17138	9
17138	8
17138	9
17138	8
17438	10
17138	8
17138	14
17138	8
17438	9
17138	8
17138	8
17138	9
17138	9
17138	12
17138	11
17138	10
17138	8
17138	11
17138	8
17138	10
17138	10
17138	8
17138	9
17438	12
17138	14
17138	8
17138	9
17138	10
17138	14
17138	8
17438	8
17138	10
17438	7
17438	8
17438	8
17138	8
17138	8
17138	9
16674	32
17138	9
17138	10
17438	8
17138	8
17138	8
17138	8
17138	8
17138	8
17138	10
17438	13
17138	9
17438	9
17138	8
17438	13
17138	12
17438	7
17087	7
17138	8
17438	9
17138	8
17138	9
17438	7
17138	8
17138	9
17138	8
17138	12
17138	9
17138	11
17138	8
17438	8
17138	10
17138	9
17438	11
17138	10
17138	8
17138	8
17438	8
17138	9
17138	8
17438	8
17138	10
17438	8
17138	8
17138	10
17438	8
17138	9
17138	11
17138	8
17138	9
17438	7
17438	10
17438	9
17138	8
17138	8
17138	8
17438	10
17438	8
17438	8
17138	10
17138	8
17138	9
17138	13
17138	9
17138	9
17138	8
17138	8
17138	8
17138	9
17138	8
17438	10
17138	9
16674	32
17138	8
17138	12
17438	10
17138	8
17138	10
17138	8
17138	10
17438	8
17138	8
17438	9
17138	8
17138	9
17438	7
17138	11
17138	10
17138	8
17138	9
17438	8
17438	10
17438	8
17138	10
17138	10
17138	8
17138	8
17138	9
17138	8
17138	8
17138	9
17138	9
17438	10
17438	8
17138	8
17138	8
17438	11
17138	10
17138	8
17138	8
17138	8
17438	8
17438	9
17138	8
17438	8
17138	8
17138	9
17138	13
17138	9
17138	9
17138	8
17138	8
17138	8
17138	8
17138	8
17138	8
17138	8
17138	12
17138	9
17438	8
17138	9
17138	8
17438	12
17138	9
17438	7
17438	10
17138	8
17138	9
17438	12
17138	9
17438	9
17138	9
17438	19
17138	8
17138	10
17438	8
17138	9
17138	8
17138	9
17438	8
17138	9
17138	8
17138	11
17138	10
17438	9
17138	11
17438	9
17438	8
17138	9
17438	8
17438	8
17138	8
17138	8
17138	10
17138	10
17138	12
17138	11
17438	9
17138	14
17138	8
17138	10
17138	10
17138	8
17138	8
17438	11
17438	9
17138	8
17438	16
17438	9
17138	10
17138	10
17138	8
17438	9
17138	10
17138	8
17138	13
17138	8
17438	10
17138	11
17438	9
17438	9
17438	8
17438	8
17138	12
17138	8
17438	8
17138	9
17138	9
17438	9
17438	12
17438	10
17138	8
17138	15
17138	11
17138	9
17138	10
17138	8
17138	12
17138	8
17138	10
17138	11
17138	8
17138	9
17138	5
17138	9
17138	8
17138	12
17438	7
16668	32
17138	8
17438	10
17138	15
17138	11
17438	7
17138	11
17138	8
17138	9
17138	8
17138	8
17138	8
17138	9
17138	9
17138	8
17138	9
17138	9
17438	8
17138	8
17138	12
17138	8
17138	9
17138	8
17138	10
17138	8
17138	10
17138	8
17138	8
17138	9
17138	9
17438	8
17138	8
17438	8
17138	8
17138	8
17438	7
17438	8
17138	8
17138	8
17138	8
17438	14
17138	8
17138	9
17138	8
17138	10
16674	32
17138	10
17138	8
17138	8
17138	9
16668	32
17138	8
17438	8
17138	9
17138	7
17438	8
17138	10
17138	8
17438	8
17138	9
17438	9
17138	10
17138	8
17438	9
17138	8
