17087	17087	17087	17087	17138	17138	17138	
17138	17138	17138	17138	17087	17138	17138	17138	
17138	17138	17138	17138	17087	17138	17138	17138	
17138	17138	17138	17138	17087	17138	17138	17138	
16874	17138	17138	17138	17087	17138	17138	17138	
17138	17138	17138	17138	17087	17138	17138	17138	
16743	17138	17138	17138	17087	17138	17138	17138	
17138	17138	17138	17138	17087	17138	17138	17138	
17138	17138	17138	17138	17087	17138	17138	17138	
16700	16700	16743	17138	17138	17138	17087	17138	17138	17138	
17138	17138	17138	17138	17087	17138	17138	17138	
16700	17138	17138	17138	17087	17138	17138	17138	
16700	17138	17138	17138	17087	17138	17138	17138	
17138	17138	17138	17138	17087	17138	17138	17138	
17138	17138	17138	17138	17087	17138	17138	17138	
17138	17138	17138	17138	17087	17138	17138	17138	
16405	17138	17138	17138	17087	17138	17138	17138	
17138	17138	17138	17138	17087	17138	17138	17138	
17138	17138	17138	17138	17087	17138	17138	17138	
16700	16743	17138	17138	17138	17087	17138	17138	17138	
17138	17138	17138	17138	17087	17138	17138	17138	
17138	17138	17138	17138	17087	17138	17138	17138	
17138	17138	17138	17138	17087	17138	17138	17138	
16700	16743	17138	17138	17138	17087	17138	17138	17138	
17138	17138	17138	17138	17087	17138	17138	17138	
17138	17138	17138	17138	17087	17138	17138	17138	
16700	16700	17138	17138	17138	17087	17138	17138	17138	
17138	17138	17138	17138	17087	17138	17138	17138	
16700	16700	17043	17087	17087	17087	17138	17138	17138	
17138	17138	17138	17138	17087	17138	17138	17138	
17138	17138	17138	17138	17087	17138	17138	17138	
17043	17138	17138	17138	17087	17138	17138	17138	
17138	17138	17138	17138	17087	17138	17138	17138	
16700	17138	17138	17138	17087	17138	17138	17138	
17138	17138	17138	17138	17087	17138	17138	17138	
17138	17138	17138	17138	17087	17138	17138	17138	
17138	17138	17138	17138	17087	17138	17138	17138	
17138	17138	17138	17138	17087	17138	17138	17138	
16700	17138	17138	17138	17087	17138	17138	17138	
16700	17138	17138	17138	17087	17138	17138	17138	
16700	16700	17138	17138	17138	17087	17138	17138	17138	
17138	17138	17138	17138	17087	17138	17138	17138	
17138	17138	17138	17138	17087	17138	17138	17138	
16700	16743	17138	17138	17138	17087	17138	17138	17138	
16743	17138	17138	17138	17087	17138	17138	17138	
17138	17138	17138	17138	17087	17138	17138	17138	
16743	16743	17138	17138	17138	17087	17138	17138	17138	
17043	17138	17138	17138	17087	17138	17138	17138	
17043	17138	17138	17138	17087	17138	17138	17138	
17043	17138	17138	17138	17087	17138	17138	17138	
17138	17138	17138	17138	17087	17138	17138	17138	
17138	17138	17138	17138	17087	17138	17138	17138	
17138	17138	17138	17138	17087	17138	17138	17138	
16743	17138	17138	17138	17087	17138	17138	17138	
17138	17138	17138	17138	17087	17138	17138	17138	
17138	17138	17138	17138	17087	17138	17138	17138	
17138	17138	17138	17138	17087	17138	17138	17138	
17138	17138	17138	17138	17087	17138	17138	17138	
16669	17138	17138	17138	17087	17138	17138	17138	
17138	17138	17138	17138	17087	17138	17138	17138	
17138	17138	17138	17138	17087	17138	17138	17138	
16700	16700	17138	17138	17138	17087	17138	17138	17138	
16700	16700	17138	17138	17138	17087	17138	17138	17138	
17138	17138	17138	17138	17087	17138	17138	17138	
17138	17138	17138	17138	17087	17138	17138	17138	
16700	17138	17138	17138	17087	17138	17138	17138	
16700	17138	17138	17138	17087	17138	17138	17138	
17138	17138	17138	17138	17087	17138	17138	17138	
16743	16743	17138	17138	17138	17087	17138	17138	17138	
17138	17138	17138	17138	17087	17138	17138	17138	
17138	17138	17138	17138	17087	17138	17138	17138	
17138	17138	17138	17138	17087	17138	17138	17138	
16405	17138	17138	17138	17087	17138	17138	17138	
17138	17138	17138	17138	17087	17138	17138	17138	
17043	16700	16700	17087	17087	17087	17138	17138	17138	
17138	17138	17138	17138	17087	17138	17138	17138	
17138	17138	17138	17138	17087	17138	17138	17138	
17138	17138	17138	17138	17087	17138	17138	17138	
16700	17138	17138	17138	17087	17138	17138	17138	
16743	17138	17138	17138	17087	17138	17138	17138	
17138	17138	17138	17138	17087	17138	17138	17138	
17138	17138	17138	17138	17087	17138	17138	17138	
17138	17138	17138	17138	17087	17138	17138	17138	
16743	17138	17138	17138	17087	17138	17138	17138	
17043	16700	16700	17138	17138	17138	17087	17138	17138	17138	
16743	17138	17138	17138	17087	17138	17138	17138	
17138	17138	17138	17138	17087	17138	17138	17138	
17138	17138	17138	17138	16700	17138	17138	17138	
16743	16743	17138	17138	17138	17087	17138	17138	17138	
16743	17138	17138	17138	17087	17138	17138	17138	
17138	17138	17138	17138	17087	17138	17138	17138	
16700	17138	17138	17138	17087	17138	17138	17138	
17138	17138	17138	17138	17087	17138	17138	17138	
16700	17138	17138	17138	17087	17138	17138	17138	
16743	17138	17138	17138	17087	17138	17138	17138	
17138	17138	17138	17138	17087	17138	17138	17138	
17138	17138	17138	17138	17087	17138	17138	17138	
17138	17138	17138	17138	17087	17138	17138	17138	
17138	17138	17138	17138	17087	17138	17138	17138	
17043	17138	17138	17138	17087	17138	17138	17138	
