16261	17438	17438	17438	16313	17438	17438	17438	
16566	15523	16605	15440	16566	17138	17138	17138	17087	16700	17138	17138	17138	
17087	17438	17438	17438	16743	17438	17438	17438	
14782	16405	15440	16874	15523	16874	16669	17138	17138	17138	15440	17138	17138	17138	
17138	17138	17138	17138	17087	17138	17138	17138	
16261	17438	17438	17438	16743	17438	17438	17438	
15440	17138	17138	17138	17087	17138	17138	17138	
16405	15440	17138	17138	17138	16405	17138	17138	17138	
16743	17138	17138	17138	16405	17138	17138	17138	
17138	17138	17138	17138	17087	17138	17138	17138	
16734	17438	17438	17438	16743	17438	17438	17438	
16700	17043	17043	17087	17438	17438	17438	16743	17438	17438	17438	
16405	17138	17138	17138	17087	17138	17138	17138	
16639	16639	16645	16645	16645	16874	15440	16874	15440	16669	17138	17138	17138	
16566	15440	16313	17138	17138	17138	17087	17138	17138	17138	
17138	17138	17138	17138	17087	17138	17138	17138	
16405	15440	17138	17138	17138	16874	17138	17138	17138	
17138	17138	17138	17138	17087	16700	17138	17138	17138	
16405	15440	17138	17138	17138	17087	17138	17138	17138	
16261	17438	17438	17438	16743	17438	17438	17438	
14782	15440	15523	16669	16669	16669	15491	16669	16669	15440	16669	17138	17138	17138	
16874	16669	16874	16874	17138	17138	17138	17087	16700	17138	17138	17138	
16743	17138	17138	17138	17087	17138	17138	17138	
16405	16669	16669	16669	17040	17040	17438	17438	17438	
16669	16639	15440	16874	15440	15440	16669	15440	15440	17138	17138	17138	17087	17138	17138	17138	
14909	16405	17138	17138	17138	17087	17138	17138	17138	
16566	17138	17138	17138	17087	17138	17138	17138	
16566	16669	16874	15440	17138	17138	17138	17087	17138	17138	17138	
15440	16639	16639	16639	15523	16639	16639	16639	
16405	15440	16405	15523	16645	16645	16645	16645	
16405	17138	17138	17138	17087	17138	17138	17138	
17040	17438	17438	17438	16405	17043	17438	17438	17438	
14782	15491	16646	16667	16667	16667	16668	16639	16646	16668	16646	16639	16646	16639	16646	16639	16646	16639	16646	16639	16639	16639	16646	16668	16639	16639	16646	16668	16668	16668	
14782	17040	17438	17438	17438	16743	17438	17438	17438	
16669	16669	16874	15440	17138	17138	17138	16874	17138	16700	17138	17138	17138	
14782	16700	17043	17438	17438	17438	16743	17438	17438	17438	
15440	16669	16669	17138	17138	17138	16874	17138	17138	17138	
15440	16639	16639	16639	15440	16639	16639	16639	
16700	16700	16743	17138	17138	17138	16313	17138	17138	17138	
16700	16743	16743	16743	16405	16743	16743	17138	17138	17138	
16566	15523	17138	17138	17138	15440	17138	17138	17138	
16566	16874	16874	16669	16669	15523	17138	17138	17138	16669	17138	17138	17138	
16566	16700	17138	17138	17138	17087	17138	17138	17138	
17043	16700	17087	17043	17087	17438	17438	17438	17138	17438	17438	17438	
17040	17040	17438	17438	17438	16605	17043	17438	17438	17438	
16669	16669	16874	15440	15523	16669	16874	17138	17138	17138	15440	17138	17138	17138	
16669	16669	16669	16874	17138	17138	17138	17087	17138	17138	17138	
17138	17138	17138	17138	17087	17138	17138	17138	
16734	16734	17438	17438	17438	16743	17438	17438	17438	
16405	17138	17138	17138	17438	17438	17438	
