16261	17438	17438	17438	15440	16743	16743	17438	17438	17438	
16743	17138	17138	17138	16674	17438	17438	17438	
17087	17087	17438	17438	17438	17138	17138	16743	17043	17438	17438	17438	
17138	17138	17138	17138	15440	17087	16700	16700	17138	17138	17138	
16405	17138	17138	17138	16674	16313	17087	17138	17138	17138	
17138	17138	17138	17138	16313	17087	16700	17138	17138	17138	
16700	17138	17138	17138	15501	17438	17438	17438	
16734	17438	17438	17438	15501	16743	17043	17438	17438	17438	
16261	17438	17438	17438	15501	16669	16743	17438	17438	17438	
16700	17138	17138	17138	14909	17087	17087	16700	17138	17138	17138	
16700	17043	17138	17138	17138	17438	17438	17438	
16261	17438	17438	17438	15501	16669	16743	17438	17438	17438	
16700	16743	17138	17138	17138	17438	17438	17438	
16405	16874	17138	17138	17138	16674	16646	16700	17138	17138	17138	
17138	17138	17138	17138	16605	17087	17138	17138	17138	
16405	16669	17138	17138	17138	16674	16646	17087	17138	17138	17138	
17138	17138	17138	17138	16405	17087	16700	17138	17138	17138	
16313	16669	16874	16669	17138	17138	17138	16639	16639	15523	17138	17138	17138	
17043	16700	16700	17138	17138	17138	17438	17438	17438	
17043	16700	17087	17438	17438	17438	17138	17138	17138	16743	17043	17438	17438	17438	
16261	17438	17438	17438	15501	14909	16743	17438	17438	17438	
17138	17138	17138	17138	14909	17087	17087	17138	17138	17138	
16700	17138	17138	17138	15523	17438	17438	17438	
16405	17138	17138	17138	16674	16313	17087	17138	17138	17138	
16700	17438	17438	17438	15440	17138	17138	16743	17438	17438	17438	
16700	17138	17138	17138	17040	17438	17438	17438	
16566	17138	17138	17138	16674	16668	16700	17138	17138	17138	
17138	17138	17138	17138	17438	17438	17438	
16874	17138	17138	17138	16668	17087	17087	17138	17138	17138	
16669	15523	17138	17138	17138	16645	16639	17087	17138	17138	17138	
17138	16261	17138	17138	17138	17087	17087	16700	17138	17138	17138	
14909	16700	17138	17138	17138	15501	16313	17087	17087	17138	17138	17138	
17138	17138	17138	17138	15501	17087	17087	17138	17138	17138	
16669	17138	17138	17138	16674	16669	17087	17138	17138	17138	
16669	16669	17138	17138	17138	16639	16639	16700	17138	17138	17138	
17043	16700	17438	17438	17438	17138	17138	16743	16743	17438	17438	17438	
17138	17138	17138	17138	16646	17087	16700	17138	17138	17138	
17138	17138	17138	17138	15523	17087	17087	17138	17138	17138	
16405	15440	17138	17138	17138	16674	15440	17087	17138	17138	17138	
16405	16405	17138	17138	17138	16674	15523	16700	17138	17138	17138	
16405	16669	17138	17138	17138	16674	16668	16700	17138	17138	17138	
16700	17138	17138	17138	15440	17438	17438	17438	
16700	16700	17138	17138	17138	16313	17438	17438	17438	
15440	17138	17138	17138	16674	16405	17087	16700	17138	17138	17138	
15440	16669	15440	17138	17138	17138	16674	16639	15440	17138	17138	17138	
16669	17138	17138	17138	16667	15523	16700	17138	17138	17138	
16405	17138	17138	17138	16674	17087	17087	17138	17138	17138	
16566	16700	17138	17138	17138	16674	17087	17087	16700	17138	17138	17138	
16743	17138	17138	17138	17438	17438	17438	
17138	17138	17138	17138	15523	17087	17087	17138	17138	17138	
17138	17138	17138	17138	16313	17087	17087	17138	17138	17138	
17043	16700	16700	16743	17138	17138	17138	17438	17438	17438	
16405	17138	17138	17138	16674	15440	17087	17138	17138	17138	
16313	17138	17138	17138	16674	16405	17087	17138	17138	17138	
15440	16669	16669	17138	17138	17138	16646	16639	15440	17138	17138	17138	
16700	17043	17043	17138	17138	17138	17438	17438	17438	
17138	17138	17138	17138	17438	17438	17438	
16743	17138	17138	17138	15501	17438	17438	17438	
17138	17138	17138	17138	15440	17087	16700	17138	17138	17138	
16700	16700	17043	16743	16743	17087	17438	17438	17438	16743	16743	16743	16743	16743	17043	17438	17438	17438	
15440	17138	17138	17138	16674	16874	16700	17138	17138	17138	
16566	16313	16669	17138	17138	17138	16674	16674	15440	17138	17138	17138	
16743	17138	17138	17138	15523	17087	17087	17138	17138	17138	
16743	17138	17138	17138	15523	17087	17087	17138	17138	17138	
16313	16874	17138	17138	17138	16674	16646	16669	16700	17138	17138	17138	
16669	17138	17138	17138	16674	15523	17087	17138	17138	17138	
15440	16874	16669	17138	17138	17138	16645	16639	17087	17138	17138	17138	
17138	17138	17138	17138	15440	17087	16700	17138	17138	17138	
16700	16743	16743	17138	17138	17138	16313	17438	17438	17438	
17138	17138	17138	17138	15440	17087	17087	17138	17138	17138	
16700	16743	17138	17138	17138	17438	17438	17438	
16874	16874	17138	17138	17138	16639	16639	16700	17138	17138	17138	
16566	15440	17138	17138	17138	16674	16674	16405	17138	17138	17138	
17043	16700	16743	17087	17087	17087	17138	17138	17138	
17043	17043	17138	17138	17138	17438	17438	17438	
16743	17138	17138	17138	14909	17438	17438	17438	
17043	16700	17138	17138	17138	15523	17438	17438	17438	
17138	17138	17138	17138	15440	17087	17087	17138	17138	17138	
16743	17138	17138	17138	14909	16700	16700	17138	17138	17138	
16734	16734	17438	17438	17438	15501	16261	16743	17438	17438	17438	
16566	17138	17138	17138	16674	16668	16700	17138	17138	17138	
16405	16313	16874	16669	17138	17138	17138	16674	16674	15440	17138	17138	17138	
16700	17138	17138	17138	15523	17438	17438	17438	
16605	16874	17138	17138	17138	16674	16639	15523	17138	17138	17138	
17138	17138	17138	17138	15440	17087	17087	17138	17138	17138	
16700	16405	17043	16700	16743	17043	16743	17138	17138	17138	17087	17087	17087	17087	17087	17087	16700	17138	17138	17138	
17138	17138	17138	17138	15440	17087	16700	17138	17138	17138	
16669	17138	17138	17138	16667	17087	17087	17138	17138	17138	
16405	17138	17138	17138	16674	17087	16700	17138	17138	17138	
17138	17138	17138	17138	16668	17087	16700	17138	17138	17138	
14782	17138	17138	17138	16674	15440	17087	16700	17138	17138	17138	
16700	16700	17138	17138	17138	16313	17438	17438	17438	
17438	17438	17438	17438	14909	17138	16743	17438	17438	17438	
16743	17138	17138	17138	16605	16405	16743	17138	17138	17138	
17043	16700	16743	17138	17138	17138	17438	17438	17438	
17138	17138	17138	17138	15501	16669	17087	17138	17138	17138	
16405	17138	17138	17138	16674	16668	16700	17138	17138	17138	
16405	17138	17138	17138	16674	15440	16700	17138	17138	17138	
16700	16700	16700	17043	17138	17138	17138	17438	17438	17438	
16667	15523	16674	16667	16645	16667	16645	16645	16645	16667	16667	16667	16667	16645	16667	16667	16667	16645	16674	16645	16645	16645	16667	16645	16645	16667	16667	16667	16674	16667	16667	16645	16667	16645	16667	16667	16645	16674	16645	16667	16645	16667	16645	16674	16674	16667	16667	16674	16667	16645	16667	16645	16667	16667	16645	16674	16645	16645	16674	16645	16667	16645	16645	16645	16674	16645	16667	16645	16645	16645	16645	16645	16645	16674	16674	16667	16674	16674	16645	16667	16667	16674	16674	16667	16645	16667	16667	16667	16667	16674	16667	16645	16674	16674	16645	16645	16645	16667	16667	16667	16645	16667	16645	16645	16667	16645	16667	16667	16645	16667	16667	16667	16667	16667	16645	16645	16645	16667	16667	16667	16667	16667	16667	16667	16674	16645	16667	16667	16645	16674	16667	16645	16667	16645	16674	16667	16674	16667	16667	16667	16674	16667	16667	16667	16645	16667	16667	16645	16667	16667	16667	16667	16645	16645	16674	16667	16667	16667	16667	16645	16645	16667	16645	16645	16667	16645	16645	16667	16674	16667	16645	16667	16645	16645	16645	16645	16645	16645	16674	16667	16674	16674	16674	16646	16646	16639	16639	16645	16674	16667	16667	16674	16667	16645	16674	16645	16667	16645	16667	16667	16667	16645	16667	16667	16667	16667	16667	16667	16645	16674	16667	16667	16674	16645	16667	16667	16667	16667	16674	16674	16667	16667	16667	16667	16645	16674	16667	16645	16667	16667	16645	16667	16667	16645	16667	16645	16674	16645	16667	16674	16645	16674	16645	16645	16667	16667	16645	16645	16667	16645	16667	16674	16667	16674	16645	16645	16645	16645	16645	16645	16674	16667	16645	16667	16645	16667	16674	16667	16667	16667	16667	16667	16645	16667	16667	16667	16645	16667	16667	16645	16645	16674	16674	16674	
16700	17138	17138	17138	14909	17087	17087	17087	17138	17138	17138	
16700	16743	17138	17138	17138	17438	17438	17438	
16743	16743	17138	17138	17138	16313	17438	17438	17438	
17138	17138	17138	17138	15440	17087	16700	17138	17138	17138	
16313	16405	17138	17138	17138	16674	16674	16700	17138	17138	17138	
15440	16874	16669	17138	17138	17138	16646	16639	16639	16669	17138	17138	17138	
15523	17138	17138	17138	16674	16645	17138	17138	17138	
16874	17138	17138	17138	15501	16669	17087	17138	17138	17138	
16700	17138	16700	17138	17138	17138	16313	17087	17087	17087	17138	17138	17138	
16645	15440	16645	16645	16645	16669	17138	17138	17138	
17138	17138	17138	17138	15440	17087	17087	17138	17138	17138	
16700	17138	17138	17138	15523	17438	17438	17438	
17138	17138	17138	17138	16669	17087	17087	17138	17138	17138	
17043	16743	17138	17138	17138	17438	17438	17438	
16743	17138	17138	17138	14909	17438	17438	17438	
16700	16700	17087	17087	17087	17138	17138	17138	
16566	16669	16874	17138	17138	17138	16667	15440	16874	16669	17138	17138	17138	
17138	17138	17138	17138	17040	17087	17138	17138	17138	
16566	15523	17138	17138	17138	16674	16674	17138	17138	17138	
16743	17138	17138	17138	16605	17438	17438	17438	
16405	16669	17138	17138	17138	16674	16639	16669	17138	17138	17138	
16669	17138	17138	17138	16668	15440	17087	17138	17138	17138	
16566	16605	17138	17138	17138	16674	16667	17138	17138	17138	
16405	17138	17138	17138	16674	15523	16700	17138	17138	17138	
17043	16743	16743	16743	16700	17043	16700	16700	16700	16743	16700	16700	17138	17138	17138	17087	17087	17087	17087	17087	17087	17087	17087	17138	17138	17138	
16700	16743	17138	17138	17138	16605	17438	17438	17438	
17138	17138	17138	17138	16639	17087	16700	17138	17138	17138	
16566	16566	17138	17138	17138	16674	16674	16700	17138	17138	17138	
16405	17138	17138	17138	16674	15440	16700	17138	17138	17138	
16405	15440	16669	16669	16669	17040	17040	17040	
15523	15523	17138	17138	17138	16674	16645	17087	17138	17138	17138	
16261	17438	17438	17438	15501	16261	16743	17438	17438	17438	
16405	16669	17138	17138	17138	16674	16646	16700	17138	17138	17138	
16669	16874	16669	17138	17138	17138	16645	16639	16639	17138	17138	17138	
16700	16700	16700	16700	16261	16700	17138	17138	17138	
16700	17138	17138	17138	15440	17438	17438	17438	
16313	16405	15440	17138	17138	17138	16674	16674	15440	17138	17138	17138	
16669	16669	16669	16669	14782	17040	17040	17040	
16261	16734	17438	17438	17438	15501	16261	17043	17438	17438	17438	
14782	17138	17138	17138	16674	14782	17087	17138	17138	17138	
16405	15440	16405	16874	17138	17138	17138	16674	16674	16639	16669	17138	17138	17138	
16700	16700	16743	17138	17138	17138	17438	17438	17438	
16405	17138	17138	17138	16674	16405	16700	17138	17138	17138	
17138	17138	17138	17138	14782	17087	17138	17138	17138	
16261	17438	17438	17438	15501	16743	16743	17438	17438	17438	
17043	17087	17438	17438	17438	16669	17138	17138	16743	17438	17438	17438	
16743	16743	17138	17138	17138	17438	17438	17438	
17138	17138	17138	17138	15440	17087	16700	17138	17138	17138	
17043	17043	17087	17087	17438	17438	17438	17138	17138	17138	16743	17438	17438	17438	
17043	16700	17138	17138	17138	16674	17438	17438	17438	
