16405	17138	17138	17138	17087	17138	17138	17138	
17138	17138	17138	17138	16669	17138	17138	17138	
17138	17138	17138	17138	17043	17138	17138	17138	
15523	17138	17138	17138	16700	17138	17138	17138	
16566	17138	17138	17138	17087	17138	17138	17138	
17138	17138	17138	17138	16669	17138	17138	17138	
16700	16743	17138	17138	17138	16700	17138	17138	17138	
17138	17138	17138	17138	16566	17138	17138	17138	
16734	17438	17040	17438	17438	17438	17138	17438	17438	17438	
16405	17138	17138	17138	17087	17138	17138	17138	
17438	17438	17438	17438	17040	17438	17438	17438	
17087	17087	17087	17087	17138	17138	17138	
17138	17138	17138	17138	17087	17138	17138	17138	
16700	16700	17138	17138	17138	16874	17138	17138	17138	
17087	17087	17438	17438	17438	16743	17438	17438	17438	
17138	17138	17138	17138	17087	17138	17138	17138	
16669	16874	17138	17138	17138	16700	17138	17138	17138	
16734	17438	17438	17438	16743	17040	17438	17438	17438	
16669	17138	17138	16700	17138	17138	17138	16700	17138	17138	17138	
16566	17138	17138	17138	16700	17138	17138	17138	
17043	17043	17043	16743	17043	17138	16700	17138	17138	17138	17087	17138	17138	17138	
16566	17138	16874	17138	17138	17138	17087	17138	17138	17138	
16700	17138	17138	17138	16700	17138	17138	17138	
16700	16700	17043	16700	17138	17138	17138	17087	17138	17138	17138	
16874	17138	17138	17138	17087	17138	17138	17138	
16743	16743	17138	17138	17138	17087	17138	17138	17138	
17043	17438	17438	17438	16605	17438	17438	17438	
17138	17138	17138	17138	16669	17138	17138	17138	
16566	17138	17138	17138	17438	17438	17438	
16743	17138	17138	17138	17087	17138	17138	17138	
16566	16700	17138	17138	17138	16700	17138	17138	17138	
17087	17087	17087	17438	17438	17438	16743	17438	17438	17438	
16700	17138	17138	17138	17087	17138	17138	17138	
17087	17438	17438	17438	16743	17438	17438	17438	
16405	15440	15440	17138	17138	17138	17087	17138	17138	17138	
15440	17138	17138	17138	17087	17138	17138	17138	
15440	16700	17138	17138	17138	17087	17138	17138	17138	
16405	16313	16313	17138	17138	17138	17087	17138	17138	17138	
17138	17138	16669	17138	17138	17138	16700	17138	17138	17138	
14782	16743	16743	17138	17138	17138	16700	17138	17138	17138	
16405	17138	17138	17138	16700	17138	17138	17138	
16405	15440	17138	17138	17138	17087	17138	17138	17138	
16261	17438	17438	17438	17138	17438	17438	17438	
17138	17138	17138	17138	17087	17138	17138	17138	
15523	16669	16669	17138	17138	17138	17438	17438	17438	
16669	17138	17138	17138	16700	16700	17138	16669	17138	17138	17138	
16669	17138	17138	17138	16669	17138	17138	17138	
16566	17138	17138	17138	16874	17138	17138	17138	
14909	16700	17438	17438	17438	17138	17438	17438	17043	17438	17438	17438	
17138	17138	17138	17138	17087	17138	17138	17138	
17087	17438	17438	17438	16743	17438	17438	17438	
17438	17043	17438	17438	17438	16743	17438	17438	17438	
17138	17138	17138	17138	17087	16743	17138	17138	17138	
16405	16405	16313	17138	17138	17138	16700	17138	17138	17138	
15523	16669	17138	17138	17138	16700	17138	17138	17138	
17138	17138	17138	16743	17138	17138	17138	17087	17138	17138	17138	
16874	15440	17138	17138	17138	16700	17138	17138	17138	
17138	17138	17138	17138	17087	17138	17138	17138	
14909	16669	17138	17138	17138	17087	17138	17138	17138	
16261	17438	17438	17438	16743	17438	17438	17438	
16566	17138	17138	17138	17087	17138	17138	17138	
17087	17087	17087	17087	16743	17087	17087	17087	
16261	16261	17438	17438	17438	16743	17438	17438	17438	
16700	16700	16700	17043	17138	17138	17138	17087	17138	17138	17138	
17138	17138	17138	17138	17087	17138	17138	17138	
16700	17138	16874	17138	17138	17138	17087	17138	17138	17138	
16700	16700	16700	17138	17138	17138	17087	17138	17138	17138	
16743	17138	17138	17138	14782	17138	17138	17138	
16700	16743	17138	17138	17138	17087	17138	17138	17138	
17138	17138	17138	17138	16669	17138	17138	17138	
16669	17138	17138	17138	17138	
16605	16700	16743	17138	17138	17138	17087	17138	17138	17138	
17043	17043	16743	17138	17138	17138	16700	16700	17138	17138	17138	
17040	17438	17438	17438	16743	17438	17438	17438	
16605	17138	17138	17138	17438	17438	17438	
14909	16566	17138	17138	17138	16700	16743	17138	17138	17138	
16700	17438	17438	17438	17043	17438	17438	17438	
16743	16743	16743	17138	17138	17138	17087	17138	17138	17138	
16700	16700	16700	17438	17438	17438	16743	17438	17438	16605	17438	17438	17438	
17043	16700	17043	17138	17138	17138	17087	17138	17138	17138	
17138	17138	17138	17138	17087	17138	17138	17138	
17138	17138	17138	17138	16700	17138	17138	17138	
16669	17138	17138	17138	16700	17138	17138	17138	
16605	17138	17138	17138	17087	17138	17138	17138	
17138	17138	17138	17138	16700	17138	17138	17138	
16566	17138	17138	17138	16669	17138	17138	17138	
17138	17138	17138	17138	17087	17138	17138	17138	
16313	16874	17138	17138	17138	16700	17138	16700	17138	17138	17138	
17138	17138	17138	17138	17087	17138	17138	17138	
16743	16743	16743	17138	17138	17138	17087	17138	17138	17138	
16669	17138	17138	17138	16669	17138	17138	17138	
16743	17138	17138	17138	16700	17138	17138	17138	
14782	16605	17138	17138	17138	16669	17138	17138	17138	
16669	17138	17138	17138	16261	17138	17138	17138	
17138	17138	17138	17138	17043	16743	17138	17138	17138	
16734	17438	17438	17438	17138	17438	17438	17438	
17138	17138	17138	17138	16669	17138	17138	17138	
15501	16645	16645	16645	15523	16645	16645	16645	
17138	17138	17138	17138	17087	17138	17138	17138	
16743	17138	17138	17138	17087	17138	17138	17138	
16405	17138	17138	17138	17087	17138	17138	17138	
16405	17138	17138	17138	17087	17138	17138	17138	
16669	16669	15440	17138	17138	17138	17087	17138	17138	17138	
17087	17438	17438	17438	16743	17438	17438	17438	
15440	16874	17138	17138	17138	17438	17438	17438	
16669	16700	17043	16700	17438	17438	17438	16743	17438	17438	17438	
17138	17138	17138	17138	17087	17138	17138	17138	
16605	17138	17138	17138	16700	17138	17138	17138	
16700	17087	17087	17438	17438	17438	17043	17438	17438	17438	
14909	17138	17138	17138	17138	
15440	16874	17138	17138	17138	17087	17138	17138	17138	
16669	15440	17138	17138	17138	17087	17138	17138	17138	
16700	16743	16743	17138	17138	17138	16700	17138	17138	17138	
15523	16874	16669	17138	17138	17138	16700	17138	17138	17138	
17087	17087	17087	17087	17138	17138	16669	17138	17138	17138	
16405	16874	16669	16700	17138	17138	17138	17087	17138	17138	17138	
16700	17438	17438	17438	17043	17438	17438	17438	
15523	16669	16874	17138	17138	17138	16700	17138	17138	17138	
16700	17138	17138	17138	17138	
16874	15440	17138	17138	17138	16874	17138	17138	17138	
16700	17043	17087	17438	17438	17438	16743	17438	17438	17438	
15523	16874	16874	17138	17138	17138	16700	17138	17138	17138	
17138	17138	17138	17138	16700	17138	17138	17138	
15523	17138	17138	17138	17087	17138	17138	17138	
15440	17138	17138	17138	17087	17138	17138	17138	
16605	17138	17138	17138	17087	17138	17138	17138	
16874	16874	17138	17138	17138	17087	17138	17138	17138	
17438	17438	17438	17438	16743	17438	17438	17438	
16700	16700	17138	17138	17138	16874	17138	17138	17138	
15486	15501	16639	16639	16639	16874	16874	17138	17138	17138	
16743	17138	17138	17138	17087	17138	17138	17138	
17138	16743	17138	17138	17138	16700	17138	17138	17138	
16734	17438	17438	17438	17138	17438	17438	17438	
16261	17438	17438	17438	16743	17438	17438	17438	
17087	17087	17087	17438	17438	17438	17043	17438	17438	17438	
15440	16669	17138	17138	17138	16700	17138	17138	17138	
16700	17138	17138	17138	17087	17138	17138	17138	
17138	17138	17138	17138	16669	17138	17138	17138	
17138	17138	17138	17138	17438	17438	17438	
16405	17138	17138	17138	16700	17138	17138	17138	
17043	17438	17438	17438	16743	17438	17438	17438	
16743	17138	17138	17138	16700	17138	17138	17138	
16743	17138	17138	17138	17087	17138	17138	17138	
16700	17138	17138	17138	17087	17138	17138	17138	
16566	17138	17138	17138	17087	17138	17138	17138	
17138	17138	17138	17138	17087	17138	17138	17138	
16669	17138	17138	17138	16669	17138	17138	17138	
16700	16700	17138	17138	17138	17087	17138	17138	17138	
16566	17138	17138	17138	16700	17138	17138	17138	
16405	17138	17138	17138	17087	17138	17138	17138	
