15440	16669	17138	17138	17138	16639	17087	17138	17138	17138	
16700	17087	17087	17087	15440	16743	17043	16700	17087	17438	17438	17438	
16261	17438	17438	17438	15523	16743	17438	17438	17438	
17138	17138	17138	17138	17087	17087	17138	17138	17138	
16405	16405	15523	15440	17138	16669	17138	17138	17138	15440	17087	16700	17138	17138	17138	
16405	17138	17138	17138	16674	16700	17138	17138	17138	
15440	17138	17138	17138	16667	17087	17138	17138	17138	
17138	17138	17138	17138	16261	17087	17138	17138	17138	
15440	17138	17138	17138	16667	17087	17138	17138	17138	
16405	17138	17138	17138	15523	17087	17138	17138	17138	
17438	17438	17438	17438	16743	16743	17438	17438	17438	
16669	17138	17138	17138	16639	17087	17138	17138	17138	
17043	16743	17138	17138	17138	17438	17438	17438	
16743	17138	17138	17138	17438	17438	17438	
16734	17438	17438	17438	14909	16743	17438	17438	17438	
16874	17138	17138	17138	15486	17087	17138	17138	17138	
15440	16700	17138	17138	17138	16566	16874	17138	17138	17138	
17087	17087	17438	17438	17438	17138	17138	17438	17438	17438	
17087	17438	17043	17438	17438	17438	17138	16743	17438	17438	17438	
16669	15523	17138	17138	17138	16639	17087	17138	17138	17138	
16313	17138	17138	17138	16667	17087	16700	17138	17138	17138	
16700	16700	16743	16743	16743	17438	17438	17438	
16700	16700	17138	17138	17138	17438	17438	17438	
16405	17138	17138	17138	15523	17087	17138	17138	17138	
16405	16405	17138	17138	17138	16674	17087	17138	17138	17138	
14782	16700	17138	17138	17138	16313	17438	17438	17438	
17087	17438	17438	17438	17138	16743	17438	17438	17438	
17043	17087	17087	17087	16669	16743	16743	17438	17438	17438	
15440	16669	16874	16669	16669	16874	17138	17138	17138	16639	16874	17138	17138	17138	
15440	16566	15440	17138	17138	17138	15440	16700	17138	17138	17138	
16667	16645	16667	16667	16667	15440	16639	16645	16667	16645	16645	16645	16667	16667	16667	
16313	16874	16874	16669	16874	16669	16874	16669	17138	17138	17138	16639	15440	17138	17138	17138	
17138	17138	17138	17138	17087	16700	17138	17138	17138	
16566	17138	17138	17138	15440	17087	17138	17138	17138	
16743	17138	17138	17138	16313	17087	17138	17138	17138	
16405	17138	17138	17138	15491	17087	17138	17138	17138	
16313	17138	17138	17138	16674	17087	17138	17138	17138	
16669	16874	16874	16669	17138	17138	17138	16639	16874	17138	17138	17138	
16669	16669	17138	17138	17138	16639	17087	17138	17138	17138	
17043	16700	17087	17438	17438	17438	17138	17138	16743	17438	17438	17438	
16734	17438	17438	17438	14909	16743	17438	17438	17438	
17043	17087	17087	17438	17438	17438	17138	16743	17043	17438	17438	17438	
16405	17138	17138	17138	16667	17087	17138	17138	17138	
17043	16700	16700	16700	17043	17138	17138	17138	17438	17438	17438	
16405	16669	15523	17138	17138	17138	16645	15523	17138	17138	17138	
16261	17438	17438	17438	14782	16743	17043	17438	17438	17438	
16874	17138	17138	17138	15523	17087	17138	17138	17138	
15440	16669	16874	17138	17138	17138	16639	16700	17138	17138	17138	
17138	17138	17138	17138	16405	17087	17138	17138	17138	
17138	17138	17138	17138	15523	16700	17138	17138	17138	
16874	16669	16874	16669	17138	17138	17138	16639	16639	17138	17138	17138	
16700	16743	17138	17138	17138	17438	17438	17438	
16313	17138	17138	17138	16313	17087	17138	17138	17138	
17138	17138	17138	17138	14909	17087	17138	17138	17138	
16405	15523	17138	17138	17138	16674	17087	17138	17138	17138	
16743	17138	17138	17138	17438	17438	17438	
16874	17138	17138	17138	15523	17087	17138	17138	17138	
16405	16874	16669	17138	17138	17138	16667	17087	17138	17138	17138	
16566	16874	17138	17138	17138	16674	16700	16700	17138	17138	17138	
16261	16874	17138	17138	17138	17438	17438	17438	
17138	16700	17138	17138	17138	16669	17087	17138	17138	17138	
16669	16743	17138	17138	17138	15523	17087	17138	17138	17138	
16734	17438	17438	17438	16669	16743	17438	17438	17438	
15440	17138	17138	17138	16668	16700	17138	17138	17138	
17043	17438	17438	17438	15440	16743	17043	17438	17438	17438	
16566	17138	17138	17138	16668	16700	17138	17138	17138	
16405	17138	17138	17138	16674	16700	17138	16700	17138	17138	17138	
16405	16669	16874	17138	17138	17138	16646	16669	17138	17138	17138	
16700	17138	17138	17138	17438	17438	17438	
17087	17438	17438	17438	17138	16743	17043	17438	17438	17438	
16669	16669	17138	17138	17138	16639	15440	17138	17138	17138	
16669	17138	17138	17138	16646	17087	17138	17138	17138	
17043	16700	17043	16743	16743	17043	17138	16700	17138	17138	17138	17438	17438	17438	
16605	17138	17138	17138	15440	17087	17138	17138	17138	
16743	17138	17138	17138	17040	17438	17438	17438	
16700	16743	17138	17138	17138	17438	17438	17438	
16669	17138	17138	17138	15440	16700	17138	17138	17138	
16700	17087	17087	17087	16743	16743	16700	17087	17438	17438	17438	
16405	16669	17138	17138	17138	16646	17087	17138	17138	17138	
16700	16874	17138	17138	17138	16646	17087	17138	17138	17138	
16669	17138	17138	17138	16668	17087	17138	17138	17138	
14782	16700	17138	17138	17138	15440	17087	17087	17138	17138	17138	
16313	17138	17138	17138	15523	16700	17138	17138	17138	
17043	17438	17438	17438	17138	17138	17438	17438	17438	
16669	16874	16669	17138	17138	17138	16639	15523	17138	17138	17138	
16405	16405	17138	17138	17138	16668	16874	17138	17138	17138	
16743	17138	17138	17138	15440	17438	17438	17438	
17040	17438	17438	17438	16405	16743	17438	17438	17438	
17438	17438	17438	17438	16743	16743	17438	17438	17438	
16734	17438	17438	17438	16669	16743	17043	17438	17438	17438	
17087	17087	17438	17438	17438	17138	16743	17438	17438	17438	
17043	17138	17138	17138	17438	17438	17438	
15523	15440	17138	17138	17138	16645	16874	17138	17138	17138	
16566	17138	17138	17138	16674	17087	17138	17138	17138	
16700	16700	17138	17138	17138	17438	17438	17438	
16743	17138	17138	17138	17438	17438	17438	
17043	16743	16743	16700	16700	16743	17087	17087	17438	17438	17438	17138	17138	16743	17438	17438	17438	
16743	17138	17138	17138	16566	17087	17138	17138	17138	
16874	15440	17138	17138	17138	16674	16700	17138	17138	17138	
16874	16669	17138	17138	17138	16646	17087	17138	17138	17138	
16669	16669	17138	17138	17138	16639	17087	17138	17138	17138	
17138	17138	17138	17138	17087	16700	17138	17138	17138	
16313	17138	17138	17138	16674	17087	17138	17138	17138	
16700	16743	17138	17138	17138	17438	17438	17438	
17043	17138	17138	17138	16734	17087	17087	17138	17138	17138	
16405	17138	17138	17138	15523	17087	17138	17138	17138	
16669	16874	17138	17138	17138	15440	16669	17138	17138	17138	
17043	17087	17438	17438	17438	16261	17138	17438	17438	17438	
15440	16874	17138	17138	17138	16645	17087	17138	17138	17138	
16700	16700	16743	17138	17138	17138	17438	17438	17438	
16405	16874	16669	17138	17138	17138	16646	16700	17138	17138	17138	
17138	17138	17138	17138	16669	17087	17138	17138	17138	
17438	17438	17438	17438	17138	16743	17043	17438	17438	17438	
16313	17138	17138	17138	16668	17087	17138	17138	17138	
16874	17138	17138	17138	16646	17087	17138	17138	17138	
17087	17438	17438	17438	16669	16405	17438	17438	17438	
16700	17138	17138	17138	14909	17087	17138	17138	17138	
14782	17138	17138	17138	16674	17087	17138	17138	17138	
16405	16669	17138	17138	17138	16646	17087	17138	17138	17138	
16874	17138	17138	17138	15523	16700	17138	17138	17138	
14909	16405	16874	17138	17138	17138	16674	17087	16700	17138	17138	17138	
17138	17138	17138	17138	17438	17438	17438	
16261	16261	17438	17438	17438	15440	16743	17438	17438	17438	
16874	16405	16669	16669	16874	16874	16669	17138	17138	17138	16639	16874	17138	17138	17138	
15440	17138	17138	17138	16674	17087	17138	17138	17138	
16669	17138	17138	17138	16646	17087	17138	17138	17138	
16700	17138	17138	17138	17438	17438	17438	
16743	17138	17138	17138	17438	17438	17438	
16874	17138	17138	17138	16645	17087	17138	17138	17138	
16669	16669	17138	17138	17138	16639	16700	17138	17138	17138	
17138	17138	17138	17138	16405	16700	17138	17138	17138	
16743	16669	17138	17138	17138	16605	17087	17138	17138	17138	
16405	16405	16405	15440	17138	17138	17138	16674	15523	17138	17138	17138	
16261	17438	17438	17438	15501	17043	17438	17438	17438	
16743	17138	17138	17138	17438	17438	17438	
15491	16639	16639	16639	17438	17438	17438	
16667	15440	16667	16645	16645	16674	16667	16645	16645	16645	16645	16667	16674	16645	16667	16674	16667	16667	16674	16667	16667	16667	16667	16667	16645	16645	16667	16674	16667	16667	16645	16667	16674	16645	16667	16645	16645	16674	16667	16645	16667	16667	16667	16645	16667	16674	16667	16667	16667	16667	16667	16645	16667	16674	16667	16667	16667	16645	16667	16645	16645	16667	16667	16645	16645	16667	16645	16645	16667	16645	16667	16645	16667	16667	16667	16645	16674	16645	16667	16667	16667	16645	16667	16667	16645	16667	16645	16645	16645	16645	16645	16667	16667	16645	16667	16667	16645	16645	16645	16674	16667	16645	16645	16645	16674	16667	16674	16645	16667	16645	16645	16674	16667	16667	16645	16667	16645	16674	16645	16645	16667	16667	16667	16674	16645	16645	16667	16667	16645	16645	16667	16667	16667	16645	16645	16667	16645	16667	16645	16645	16667	16674	16674	16667	16667	16667	16645	16667	16667	16645	16667	16667	16674	16667	16667	16667	16667	16667	16667	16645	16645	16645	16674	16667	16645	16667	16645	16667	16645	16645	16667	16645	16645	16645	16645	16667	16667	16667	16645	16645	16645	16667	16645	16645	16645	16667	16667	16667	16667	16674	16645	16667	16674	16667	16667	16645	16645	16667	16674	16674	16645	16674	16674	16645	16674	16667	16667	16667	16667	16645	16645	16674	16674	16645	16667	16667	16645	16667	16674	16645	16645	16645	16645	16645	16645	16674	16645	16645	16645	16645	16667	16667	16645	16645	16674	16667	16667	16645	16667	16674	16645	16667	16667	16667	16645	16645	16645	16667	16667	16645	16645	16645	16667	16645	16645	16667	16667	16645	16667	16645	16674	16667	16645	16667	16667	16674	16667	16645	16667	16645	16645	16645	16667	16645	16645	16645	16667	16667	16645	16667	16645	16645	16645	16674	16645	16645	16645	16667	16645	16667	16667	16667	16645	16674	16667	16667	16667	16645	16645	16645	16667	
17087	17087	17438	17438	17438	17138	16743	16743	17438	17438	17438	
17138	17138	17138	17138	17438	17438	17438	
17438	17438	17438	17438	16405	16743	17438	17438	17438	
17438	17438	17438	17438	16566	16743	17438	17438	17438	
14782	17138	17138	17138	16668	17087	17138	17138	17138	
15440	17138	17138	17138	15440	17087	17138	17138	17138	
16669	17138	17138	17138	16646	17087	17138	17138	17138	
17043	16700	16743	16700	16700	17043	17043	17138	17138	17138	17438	17438	17438	
16566	15523	17138	17138	17138	16674	16700	17138	17138	17138	
16743	16743	16743	16743	17438	17087	17438	17438	17438	
17138	17138	17138	17138	16405	16700	17138	17138	17138	
14782	16743	17138	17138	17138	15501	17087	16743	17138	17138	17138	
16669	17138	17138	17138	16646	17087	17138	17138	17138	
