17138	17138	17138	17138	16700	17138	17138	17138	
17087	16700	17087	17438	17438	17438	16743	17043	17438	17438	17438	
17138	17138	17138	17138	16700	17138	17138	17138	
16743	17138	17138	17138	16700	17138	17138	17138	
17438	17438	17438	17438	16743	17438	17438	17438	
17043	17138	17138	17138	16700	17138	17138	17138	
17438	17438	17438	17438	16743	17438	17438	17438	
16700	16743	17138	17138	17138	17087	17138	17138	17138	
16669	17138	17138	17138	17087	17138	17138	17138	
16669	17138	16700	17138	17138	17138	17087	17138	17138	17138	
17040	17438	17438	17438	17043	17438	17438	17438	
16700	17438	17438	17438	16743	17438	17438	17438	
16743	17138	17138	17138	16669	17138	17138	17138	
17043	16700	16743	17043	17043	17138	17138	17138	17087	17138	17138	17138	
16700	17138	17138	17138	17438	17438	17438	
17138	17138	17138	17138	17087	17138	17138	17138	
16700	17043	17087	17087	16700	17438	17438	17438	16743	17438	17438	17438	
16405	15523	17138	17138	17138	17087	17138	17138	17138	
16700	17043	16700	16700	17138	17138	17138	17087	17138	17138	17138	
16700	16700	16700	16700	17138	17138	17138	
16734	17043	17043	16700	16700	16743	16700	17087	17087	17438	17438	17438	16743	17438	17438	17438	
16405	17138	17138	17138	17087	17138	17138	17138	
16734	17438	17438	17438	16743	17438	17438	17438	
16405	17138	17138	17138	17087	17138	17138	17138	
15440	17138	17138	17138	17087	17138	17138	17138	
17138	17138	17138	17138	17087	17138	17138	17138	
17043	17043	16700	16700	17043	16700	16700	17138	17138	17138	17087	17138	17138	17138	
16669	17138	16743	17138	17138	17138	17438	17438	17438	
17138	17138	17138	17138	17087	17138	17138	17138	
16605	17138	17138	17138	17087	17138	17138	17138	
16566	17138	17138	17138	17043	17138	17138	17138	
16700	16700	17138	17138	17138	17087	17138	17138	17138	
16700	17138	17138	17138	17087	17138	17138	17138	
16405	17138	17138	17138	17087	17138	17138	17138	
17138	17138	17138	17138	17087	16700	17138	17138	17138	
15440	16669	15440	17138	17138	17138	16700	17138	17138	17138	
16405	17138	17138	17138	16874	17138	17138	17138	
17087	17438	17438	17438	16743	17438	17438	17438	
17043	17138	16743	17138	17138	17138	17087	17138	17138	17138	
17043	17138	17138	17138	17087	17138	17138	17138	
16700	17043	17138	17138	17138	17087	17138	17138	17138	
17138	17138	17138	17138	17438	17087	17438	17438	17438	
16405	17138	17138	17138	17087	17138	17138	17138	
16743	16743	16743	17138	17138	17138	17138	
16734	17438	17438	17438	16743	17438	17438	17438	
17087	17087	17087	17438	17087	17438	17438	17438	16743	16313	17438	17438	17438	
16405	16669	17138	17138	17138	16700	17138	17138	17138	
16743	17138	17138	17138	16669	16700	17138	17138	17138	
16700	16700	16874	17138	17138	17138	17438	17438	17438	
16700	17087	17087	17087	16743	17438	17438	17438	
17043	16743	17138	17138	17138	17087	17138	17138	17138	
16566	16669	17138	17138	17138	17087	17138	17138	17138	
16743	16743	17138	17138	17138	17087	16700	17138	17138	17138	
16669	16405	17138	17138	17138	17087	17138	17138	17138	
16669	17138	17138	17138	17438	17438	17438	
16669	17138	17138	17138	17087	17138	17138	17138	
17040	17438	17438	17438	17138	17043	17438	17438	17438	
16743	17138	17138	17138	17087	17138	17138	17138	
16700	16743	17138	17138	17138	17087	17138	17138	17138	
17138	17138	17138	17138	17087	17138	17138	17138	
15440	17138	17138	17138	17087	17138	17138	17138	
16743	17138	17138	17138	16700	17138	17138	17138	
17138	17138	17138	17138	17087	17138	17138	17138	
17043	17438	17438	17438	17138	17438	17438	17438	
16313	16405	16313	17138	17138	17138	17087	17138	17138	17138	
15440	17138	17138	17138	17087	17138	17138	17138	
16313	17138	17138	17138	17087	17138	17138	17138	
17087	17438	17438	17438	16743	16743	17438	17438	17438	
15523	17138	17138	17138	17087	17138	17138	17138	
16874	15523	17138	17138	17138	17087	17138	17138	17138	
16405	16669	16669	16874	17138	17138	17138	17087	17138	17138	16874	17138	17138	17138	
16700	17138	17138	17138	16566	16700	17138	17138	17138	
16700	17087	17087	17438	17438	17438	17138	17438	17438	17438	
16743	16743	16743	17138	17138	17138	16700	17138	17138	17138	
16743	17138	17138	17138	17087	17138	17138	17138	
16669	16874	17138	17138	17138	16700	17138	17138	17138	
17138	17138	17138	17138	16669	17138	17138	17138	
17138	17138	17138	17138	17087	17138	17138	17138	
17138	17138	17138	17138	16874	17138	17138	17138	
16405	17138	17138	17138	17087	17138	17138	17138	
16743	16743	17138	17138	17138	17087	17138	17138	17138	
16700	16743	17138	17138	17138	17087	17138	17138	17138	
17138	17138	17138	17138	17087	17138	17138	17138	
16405	17138	17138	17138	17087	17138	17138	17138	
16669	17138	17138	17138	17087	17138	17138	17138	
17043	17043	16700	17138	17138	17138	17438	17438	17438	
16405	17138	17138	17138	16700	17138	17138	17138	
16700	16743	17138	17138	17138	16669	17138	17138	17138	
17087	17438	17438	17438	16743	17438	17438	17438	
16874	15523	17138	17138	17138	17087	16700	17138	17138	17138	
17043	17043	16743	16700	16743	16700	16743	16700	17043	17138	16743	17138	17138	17138	17087	17138	17138	17138	
17138	17138	17138	17138	17087	17138	17138	17138	
17087	17438	17438	17438	16743	17438	17438	17438	
17087	17087	17438	17438	17438	16743	17043	17438	17438	17438	
17138	17138	17138	17138	17087	17138	17138	17138	
16700	16700	16700	16743	17138	17138	17138	16700	17138	17138	17138	
16743	16743	17043	17138	17138	17138	17087	17138	17138	17138	
17087	17438	17438	17438	16743	17438	17438	17438	
16743	17138	17138	17138	17087	17138	17138	17138	
17043	16700	17138	17138	17138	17087	17138	17138	17138	
