17087	17087	17087	17438	17087	17438	17438	17438	16313	17043	17438	17438	17438	
16700	16669	17043	16700	17043	17438	17438	17438	16743	17438	17438	17438	
16405	17138	16700	17138	17138	17138	16700	17138	17138	17138	
15486	16646	16646	16645	16646	16639	16668	16646	16639	16669	15523	15523	16669	17138	16669	17138	17138	17138	16700	17138	17138	17138	
16667	16667	15440	15440	16667	16645	16645	16674	16667	16667	16667	16674	16645	16645	16674	16645	16667	16667	16645	16667	16667	16645	16674	15440	16645	16667	16645	16667	15440	16667	16667	16674	16645	16645	16667	16674	16667	16667	15523	16674	16667	16645	16667	16667	16645	16645	16674	16645	15440	16674	16674	16667	16674	16667	16667	16667	16667	15523	16667	16674	15440	16674	16674	16667	16667	16645	16667	16645	16667	16645	16667	16645	16667	16645	16645	16645	16645	16674	16667	16667	16667	16645	16667	16645	15440	16645	16645	16667	16645	15523	16674	16667	16667	16667	16645	15523	16667	16645	16674	16667	16667	16674	16667	16667	15440	16645	16674	16645	16645	16674	16667	16667	16667	16667	16667	16667	15523	16645	16667	16645	16645	16645	16667	16645	16674	16667	16667	16667	16667	16645	16645	16667	16667	15440	16667	16645	16667	16667	16667	16667	16667	16645	16667	16667	16667	16645	16667	16645	16645	16674	16674	16667	16645	16667	16667	16645	16667	16645	16674	16667	16674	16667	16667	16667	16667	16667	16667	16674	16645	16645	16674	16645	16645	16645	16639	16645	16667	16667	15523	16667	16667	16674	16667	15440	16645	16667	16667	16645	15440	16674	16674	16667	16667	16667	16667	15523	16667	16645	16645	16667	16667	16667	16674	16674	16674	16646	16674	16667	16645	16645	16645	16667	16645	16674	16645	16645	16667	16667	16667	16674	16667	16674	16667	16674	16645	16645	16645	16645	15440	16674	16645	16667	16645	16667	16674	16667	16667	16645	16645	16645	16645	16667	15440	15440	16674	16674	16674	
16734	15440	17438	17043	17087	17438	17438	17438	16743	17438	17438	17438	
16566	16566	17138	17138	17138	16261	17138	17138	17138	
16669	16669	16874	17138	17138	17138	16566	16874	17138	17138	17138	
16669	16700	17138	17138	17138	16700	17138	17138	17138	
16874	17138	17138	17138	16669	17138	17138	17138	
16700	17043	17087	17087	17087	17438	16700	17438	17438	17438	
15440	16669	17138	17138	17138	17087	17138	17138	17138	
17138	17138	17138	17138	16700	17138	17138	17138	
17138	17138	17138	17138	16405	17138	17138	17138	
17043	17043	17138	17138	17138	17087	16669	17138	17138	17138	
16261	17087	17438	17438	17438	16743	17138	17438	17438	17438	
16669	17138	17138	17138	16566	16700	17138	17138	17138	
15440	17138	17138	17138	16261	17138	17138	17138	
16405	17138	17138	17138	17087	16261	17138	17138	17138	
16669	17138	17138	17138	16669	16874	17138	17138	17138	
17087	16700	17438	17438	17438	14782	17043	17438	17438	17438	
16743	16700	17138	17138	17138	17087	17138	17138	17138	
16405	15440	16874	16669	17138	16669	17138	17138	17138	17438	17087	17438	17438	17438	
16734	17438	17438	17043	17438	17438	17438	17043	17138	17438	17438	17438	
16734	17087	17438	17438	17438	16743	16605	17438	17438	17438	
14909	15440	17138	17138	17138	17087	17138	17138	17138	
15440	15523	17138	17138	17138	16405	17138	17138	17138	
16874	15523	16669	16669	15440	16639	15440	17138	17138	17138	17087	17138	17138	17138	
17043	16700	17138	17138	17138	16405	17138	17138	17138	
17438	17438	17438	17438	16566	17043	17438	17438	17438	
17087	16743	17087	17087	17087	16743	17087	17087	17087	
16313	16874	17138	17138	16743	17138	17138	17138	16700	17138	17138	17138	
16566	16669	16669	15440	17138	17138	17138	16261	17138	17138	17138	
16743	16743	17138	17138	16700	17138	17138	17138	17087	17138	17138	17138	
15523	17138	17138	17138	16669	17138	16700	17138	17138	17138	
15440	16405	16874	16669	17138	17138	17138	17087	17138	17138	17138	
16874	17138	17138	17138	16405	16700	17138	17138	17138	
17138	17138	17138	17138	17438	17087	17438	17438	17438	
16874	15440	17138	17138	17138	16669	17087	17138	17138	17138	
16313	16874	15440	16874	17138	17138	17138	16700	17138	17138	17138	
16261	17438	17438	17438	16734	17043	17438	17438	17438	
16874	17138	17138	17138	16700	17138	17138	17138	
17043	16700	16700	17043	17043	16743	16700	16743	16743	17043	17087	17438	17438	17438	17043	17438	17438	17438	
14782	17043	16743	17138	17138	17138	17043	16700	17138	17138	17138	
16405	16874	16874	16874	16261	16669	15440	17138	17138	17138	
16669	16874	17138	17138	17138	17087	16700	17138	17138	17138	
17043	16700	17138	17138	17138	17043	16700	17138	17138	16261	17138	17138	17138	
16734	17438	17438	17438	16743	17438	17438	17438	
15440	15440	17138	17138	17138	16605	16700	17138	17138	17138	
16669	17138	17138	17138	17087	17138	17138	17138	
16669	17138	16743	17138	17138	17138	17087	17138	17138	17138	
16700	17087	17438	17438	17438	17138	17043	17438	17438	17438	
17087	17438	17438	17438	16566	17438	17438	17438	
17087	17087	17438	17438	17438	17138	17043	17438	17438	17438	
16700	16700	16743	17138	17138	17138	17087	17138	17138	17138	
16700	17043	17087	17438	17438	17438	16743	16700	17438	17438	17438	
16874	17138	17138	17138	16669	17138	17138	17138	
16405	16669	16874	16700	16874	17138	17138	17138	16405	17138	16700	17138	17138	17138	
16700	17087	17438	17438	17438	16700	17438	17043	17438	17438	17438	
16669	17138	16700	17138	17138	17138	16669	16700	17138	17138	17138	
16700	16566	17138	17138	17138	16734	16700	17138	17138	17138	
16743	16743	17138	17138	17138	17138	
16700	17043	17043	17043	17087	17087	17087	
16669	16669	17138	17138	17138	17087	17138	17138	17138	
15440	17138	17138	17138	16874	17138	17138	17138	
16605	16605	16874	16669	17138	17138	16669	17138	17138	17138	17043	17138	17138	17138	
17138	17138	17138	17138	17087	17138	17138	17138	
16743	16743	16743	16743	16874	16874	17138	17138	17138	
15440	17138	17138	17138	16566	17138	17138	17138	
16669	16874	16669	16874	17138	16669	17138	17138	17138	16874	17138	17138	16669	17138	17138	17138	
16405	16874	17138	17138	17138	16405	17138	17138	17138	
16405	16405	15523	15440	17138	17138	17138	17087	17138	17138	17138	
16743	16743	17138	16743	17138	17138	17138	17087	17138	17138	17138	
16405	16405	16874	17138	17138	17138	16566	17138	17138	17138	
15523	16669	15523	15440	17138	17138	17138	17087	17138	17138	17138	
16261	17043	17087	17087	17087	17043	17087	17087	17087	
16700	17138	17138	17138	16261	17138	17138	17138	
16313	16874	15523	17138	17138	16874	17138	17138	17138	17087	17138	17138	17138	
16669	16874	16405	17138	17138	17138	16700	17138	17138	17138	
16700	16405	17438	17087	17438	17438	17438	16743	17043	17438	17438	17438	
16261	17438	17438	17438	16743	17438	17438	17438	
16743	17138	17138	17138	16874	17138	17138	17138	
16874	15523	16669	17138	17138	17138	17438	16405	17438	17438	17438	
16700	17087	17043	17043	17087	17087	17438	17438	17438	17043	16605	17438	17438	17438	
16669	15440	16669	16669	17138	17138	17138	16700	17138	17138	17138	
16261	16405	15523	15440	15440	16669	16405	17138	17138	17138	17087	16700	17138	17138	17138	
15523	16874	15440	16669	16639	17138	16700	17138	17138	17138	17438	17043	17438	17438	17438	
17138	17138	17138	17138	17438	16313	17438	17438	17438	
16405	16874	17138	17138	17138	17087	16700	17138	17138	17138	
17043	17043	16700	17138	17138	17138	16700	16700	17138	17138	17138	
16405	16405	15440	17138	17138	17138	16700	17138	16743	17138	17138	17138	
17087	16700	17087	17087	17438	17438	17438	16743	16743	17043	17438	17438	17438	
15523	16874	17138	17138	17138	17087	17138	17138	16743	17138	17138	17138	
17043	17087	16700	17087	17438	17438	17438	16743	17438	17438	17438	
16700	16743	16743	16405	16743	17138	17138	17138	17438	17438	17438	
17138	17138	17138	17138	17438	17438	17087	17438	17438	17438	
16645	16645	16645	16645	15486	16645	16645	16639	16645	16645	16645	
16700	17138	17138	17138	17438	17438	17087	17438	17438	17438	
15523	16669	17138	17138	17138	16566	17138	17138	17138	
17138	16700	17138	17138	17138	17087	16700	17138	17138	17138	
